153	-11.667
154	0.000
155	-23.889
156	-5.000
157	-17.222
158	0.000
159	-13.333
160	-17.222
161	-10.556
162	-23.889
163	-16.667
164	-10.000
165	-1.667
166	-4.444
167	-14.445
168	-19.445
169	-6.111
170	-13.333
171	3.333
172	-3.889
173	2.778
174	-18.333
175	27.778
176	-7.778
177	-12.778
178	-17.778
179	-10.000
180	-1.111
181	-13.333
182	-17.778
183	-4.444
184	16.667
185	6.111
186	-21.667
187	-21.667
188	-8.333
189	-6.111
190	-6.667
191	14.445
192	12.778
193	-21.111
194	-16.667
195	-14.445
196	0.000
197	-1.111
198	-3.333
199	-1.667
200	10.000
201	12.222
202	-9.445
203	-2.222
204	5.556
205	-16.111
206	-0.556
207	-13.333
208	-6.667
209	5.556
210	6.667
211	8.889
212	-8.333
213	-23.889
214	2.778
215	-21.667
216	-5.556
217	-6.111
218	-1.667
219	9.445
220	-20.000
221	-7.778
222	-15.556
223	-5.000
224	-18.889
225	-23.889
226	3.333
227	-14.445
228	-11.111
229	-13.333
230	5.556
231	-17.222
232	4.444
233	-5.000
234	-15.000
235	-6.667
236	4.444
237	1.667
238	-11.111
239	0.000
240	-1.111
241	-18.333
242	-12.778
243	-23.333
244	-7.778
245	-16.111
246	-8.889
247	-13.889
248	3.889
249	-12.778
250	-20.556
251	-23.889
252	-21.111
253	3.333
254	-21.111
255	-7.778
256	1.667
257	2.222
258	-20.000
259	-9.445
260	-7.778
261	-8.333
262	-7.778
263	-28.334
264	-15.556
265	-48.334
266	4.444
267	-8.889
268	-15.000
269	-9.445
270	-5.556
271	15.000
272	-17.778
273	-10.556
274	-23.889
275	-26.111
276	-17.778
277	-8.889
278	-22.222
279	-15.000
280	-6.111
281	-29.445
282	-3.333
283	2.222
284	-22.222
285	-13.333
286	-3.333
287	-17.222
288	-22.222
289	-15.556
290	-22.222
291	-18.333
292	-18.333
293	-12.222
294	-16.111
295	-21.667
296	-2.222
297	-20.556
298	-13.333
299	-4.444
300	-28.334
301	-34.445
302	-42.223
303	-41.111
304	-11.111
305	-11.667
306	-21.667
307	-20.000
308	-48.334
309	-30.556
310	-5.000
311	-25.000
312	-13.889
313	-17.778
314	-27.222
315	-38.334
316	-52.223
317	-14.445
318	-42.778
319	-28.334
320	-7.222
321	-18.333
322	-30.000
323	-21.111
324	-9.445
325	-23.333
326	-19.445
327	-12.222
328	-16.111
329	-27.778
330	1.111
331	-23.889
332	-39.445
333	-26.667
334	-22.778
335	-37.778
336	-23.889
337	-20.000
338	-29.445
339	-21.111
340	-36.111
341	-35.000
342	-18.889
343	-31.111
344	-16.667
345	-5.000
346	-34.445
347	-6.111
348	-51.667
349	-32.222
350	-43.889
351	-30.556
352	-5.000
353	-39.445
354	-22.222
355	-40.000
356	-32.778
357	-11.667
358	-53.334
359	-19.445
360	-46.111
361	-32.778
362	-21.111
363	-24.445
364	-45.000
365	-55.556
366	-32.778
367	-17.778
368	-54.445
369	-40.000
370	-45.556
371	-33.334
372	-65.556
373	-42.778
374	-48.334
375	-58.889
376	-52.778
377	-77.778
378	-80.001
379	-109.445
380	-119.445
381	-147.223
382	-187.779
383	-195.001
384	-274.446
385	-444.447
386	-597.782
387	-705.005
388	-862.228
389	-1164.452
390	-1472.788
391	-1871.679
392	-1964.458
393	-1617.233
394	-1557.233
395	-2388.905
396	-2559.462
397	-1965.569
398	-2833.353
399	-3523.357
400	-3729.470
401	-3719.470
402	-3918.915
403	-3807.804
404	-3763.359
405	-3647.803
406	-3586.691
407	-3582.247
408	-3561.691
409	-3585.580
410	-3411.690
411	-3266.689
412	-3327.245
413	-3352.801
414	-3182.244
415	-3083.910
416	-3045.021
417	-3005.576
418	-2928.353
419	-2739.463
420	-2710.018
421	-2806.686
422	-2635.573
423	-2606.684
424	-2505.017
425	-2520.573
426	-2470.572
427	-2507.795
428	-2417.239
429	-2440.572
430	-2268.904
431	-2161.126
432	-2677.796
433	-2900.020
434	-3122.799
435	-3521.135
436	-3816.693
437	-4302.251
438	-4985.589
439	-5871.706
440	-7800.053
441	-9481.175
442	-10287.292
443	-9798.955
444	-9459.509
445	-9591.974
446	-8653.392
447	-6559.278
448	-5196.306
449	-4975.113
450	-4675.357
451	-4555.918
452	-4390.061
453	-4172.536
454	-4018.707
455	-4000.183
456	-4116.807
457	-4405.147
458	-4544.459
459	-4653.289
460	-4584.662
461	-4377.680
462	-4293.293
463	-4192.217
464	-4234.343
465	-4706.975
466	-5525.919
467	-6203.544
468	-5916.291
469	-5226.346
470	-4451.074
471	-3726.837
472	-3320.459
473	-3254.668
474	-3106.652
475	-3160.084
476	-3137.350
477	-3229.453
478	-3707.967
479	-4147.430
480	-4143.892
481	-3880.637
482	-3250.932
483	-2625.771
484	-2325.985
485	-2119.718
486	-2050.698
487	-1915.230
488	-1949.173
489	-1998.076
490	-2025.933
491	-2096.745
492	-1943.903
493	-1876.486
494	-1916.580
495	-1955.550
496	-1942.185
497	-1739.782
498	-1859.924
499	-1871.595
500	-1773.793
501	-1725.093
502	-1754.886
503	-1733.311
504	-1738.574
505	-1746.461
506	-1755.050
507	-1744.021
508	-1808.662
509	-1744.166
510	-1692.431
511	-1532.404
512	-1654.618
513	-1543.769
514	-1545.956
515	-1545.279
516	-1519.328
517	-1407.813
518	-1289.068
519	-1369.713
520	-1395.701
521	-1378.898
522	-1384.125
523	-1405.086
524	-1352.416
525	-1315.383
526	-1389.714
527	-1226.760
528	-1336.805
529	-1394.036
530	-1284.998
531	-1397.937
532	-1429.973
533	-1369.802
534	-1237.939
535	-1248.067
536	-1311.453
537	-1262.483
538	-1244.032
539	-1309.768
540	-1179.507
541	-1268.254
542	-1206.879
543	-1228.991
544	-1199.241
545	-1226.354
546	-1156.748
547	-1178.385
548	-1091.037
549	-1156.205
550	-1141.009
551	-1162.310
552	-1157.619
553	-1164.914
554	-1063.260
555	-1153.639
556	-1058.341
557	-1077.653
558	-1116.697
559	-1084.239
560	-983.736
561	-1023.859
562	-974.614
563	-977.727
564	-987.792
565	-973.927
566	-1031.983
567	-940.616
568	-1051.319
569	-933.433
570	-950.865
571	-936.967
572	-960.560
573	-933.588
574	-1022.253
575	-1026.233
576	-1117.799
577	-1171.160
578	-1207.592
579	-1137.125
580	-1224.519
581	-1335.294
582	-1430.111
583	-1706.985
584	-1864.373
585	-1947.456
586	-1737.460
587	-1667.231
588	-1414.287
589	-1234.025
590	-1092.665
591	-1091.504
592	-1094.707
593	-1230.790
594	-1287.637
595	-1420.787
596	-1327.860
597	-1371.016
598	-1268.630
599	-1204.351
600	-1003.942
601	-910.473
602	-760.928
603	-695.999
604	-644.385
605	-612.634
606	-526.203
607	-518.299
608	-529.555
609	-532.900
610	-546.510
611	-530.635
612	-561.799
613	-491.241
614	-554.412
615	-529.808
616	-531.509
617	-565.917
618	-511.135
619	-464.216
620	-530.031
621	-525.329
622	-463.150
623	-463.835
624	-517.243
625	-500.922
626	-450.365
627	-400.389
628	-412.012
629	-432.230
630	-443.047
631	-416.230
632	-414.156
633	-414.875
634	-429.452
635	-427.526
636	-373.059
637	-426.191
638	-374.538
639	-303.368
640	-286.430
641	-355.438
642	-344.097
643	-305.604
644	-355.536
645	-298.762
646	-339.309
647	-332.731
648	-346.463
649	-320.478
650	-325.199
651	-267.798
652	-316.104
653	-357.444
654	-331.195
655	-323.765
656	-312.133
657	-225.593
658	-290.330
659	-276.685
660	-280.252
661	-288.293
662	-316.902
663	-240.646
664	-279.738
665	-292.158
666	-311.472
667	-284.030
668	-308.261
669	-264.636
670	-262.615
671	-257.736
672	-247.167
673	-227.142
674	-252.369
675	-233.048
676	-238.585
677	-238.098
678	-249.236
679	-212.684
680	-228.497
681	-242.249
682	-200.445
683	-196.862
684	-244.198
685	-160.470
686	-233.275
687	-158.412
688	-155.642
689	-180.567
690	-120.989
691	-193.890
692	-186.669
693	-176.617
694	-193.214
695	-187.618
696	-205.096
697	-209.675
698	-202.950
699	-209.614
700	-171.158
701	-152.552
702	-183.668
703	-193.709
704	-171.554
705	-155.487
706	-145.962
707	-152.538
708	-166.668
709	-114.691
710	-171.800
711	-160.715
712	-157.304
713	-162.360
714	-169.152
715	-158.810
716	-182.981
717	-151.162
718	-142.903
719	-126.792
720	-122.589
721	-116.813
722	-111.448
723	-119.407
724	-121.896
725	-108.967
726	-105.794
727	-106.926
728	-139.879
729	-99.571
730	-117.553
731	-100.498
732	-119.249
733	-122.075
734	-114.495
735	-141.140
736	-105.848
737	-104.865
738	-85.640
739	-113.219
740	-112.106
741	-132.693
742	-137.105
743	-132.195
744	-120.678
745	-104.167
746	-120.208
747	-108.953
748	-108.639
749	-88.481
750	-124.881
751	-132.478
752	-108.974
753	-73.255
754	-139.556
755	-102.803
756	-99.168
757	-96.153
758	-105.872
759	-99.303
760	-96.008
761	-45.892
762	-81.604
763	-60.645
764	-62.514
765	-67.603
766	-125.519
767	-82.811
768	-91.398
769	-91.762
770	-90.930
771	-134.445
772	-117.017
773	-99.845
774	-122.032
775	-109.216
776	-131.904
777	-116.604
778	-122.897
779	-123.146
780	-175.052
781	-153.005
782	-177.664
783	-175.025
784	-163.331
785	-160.433
786	-146.407
787	-174.183
788	-150.427
789	-158.159
790	-151.205
791	-205.377
792	-199.699
793	-168.475
794	-196.114
795	-148.935
796	-192.123
797	-197.556
798	-260.590
799	-289.717
800	-282.109
801	-294.882
802	-248.781
803	-308.229
804	-306.174
805	-317.548
806	-278.996
807	-298.034
808	-295.100
809	-236.157
810	-255.429
811	-221.996
812	-278.630
813	-263.423
814	-244.579
815	-239.659
816	-219.298
817	-234.118
818	-243.620
819	-224.957
820	-232.741
821	-201.176
822	-193.217
823	-157.051
824	-202.209
825	-247.765
826	-184.341
827	-189.257
828	-206.101
829	-199.512
830	-224.896
831	-223.672
832	-194.076
833	-188.880
834	-204.820
835	-175.187
836	-194.041
837	-171.107
838	-183.703
839	-153.883
840	-158.733
841	-185.378
842	-185.187
843	-257.363
844	-223.506
845	-239.231
846	-195.120
847	-200.959
848	-223.455
849	-233.845
850	-196.037
851	-213.625
852	-193.344
853	-163.438
854	-152.747
855	-190.725
856	-178.135
857	-199.333
858	-179.243
859	-185.014
860	-166.163
861	-155.892
862	-147.621
863	-157.120
864	-159.219
865	-174.675
866	-187.448
867	-182.591
868	-216.050
869	-227.917
870	-263.964
871	-254.150
872	-267.770
873	-279.035
874	-301.184
875	-351.390
876	-333.019
877	-382.134
878	-406.608
879	-432.972
880	-564.033
881	-615.684
882	-738.778
883	-783.788
884	-798.474
885	-850.319
886	-850.927
887	-756.686
888	-789.433
889	-747.317
890	-786.582
891	-759.629
892	-763.396
893	-714.040
894	-637.162
895	-551.642
896	-486.875
897	-483.795
898	-476.187
899	-459.951
900	-430.710
901	-462.211
902	-470.084
903	-452.990
904	-404.247
905	-440.107
906	-436.876
907	-397.734
908	-398.882
909	-358.299
910	-365.755
911	-349.233
912	-369.611
913	-406.650
914	-432.289
915	-442.951
916	-441.353
917	-396.989
918	-426.961
919	-459.916
920	-402.068
921	-417.245
922	-423.803
923	-370.186
924	-435.250
925	-386.527
926	-342.185
927	-376.708
928	-362.564
929	-369.447
930	-371.669
931	-391.114
932	-436.670
933	-446.670
934	-501.115
935	-535.559
936	-492.226
937	-477.225
938	-476.670
939	-413.336
940	-380.558
941	-372.780
942	-296.113
943	-295.558
944	-298.335
945	-248.891
946	-276.113
947	-300.002
948	-228.890
949	-268.335
950	-236.668
951	-241.668
952	-271.113
953	-273.891
954	-221.113
955	-286.113
956	-288.891
957	-276.113
958	-261.668
959	-307.780
960	-319.447
961	-309.447
962	-356.669
963	-334.447
964	-311.113
965	-291.113
966	-245.002
967	-203.335
968	-223.890
969	-171.668
970	-158.334
971	-218.335
972	-157.223
973	-149.445
974	-165.557
975	-137.779
976	-147.223
977	-148.334
978	-173.335
979	-163.334
980	-130.556
981	-176.668
982	-145.557
983	-168.334
984	-134.445
985	-133.890
986	-164.446
987	-141.112
988	-125.001
989	-148.890
990	-162.779
991	-111.112
992	-135.001
993	-134.445
994	-111.112
995	-137.223
996	-161.112
997	-117.223
998	-111.112
999	-175.001
1000	-136.668
1001	-118.334
1002	-155.001
1003	-141.112
1004	-142.223
1005	-130.001
1006	-136.668
1007	-139.445
1008	-132.779
1009	-116.667
1010	-125.556
1011	-118.334
1012	-123.890
1013	-127.223
1014	-146.112
1015	-142.779
1016	-153.334
1017	-147.779
1018	-117.779
1019	-127.223
1020	-96.667
1021	-139.445
1022	-125.001
1023	-132.223
1024	-160.001
1025	-99.445
1026	-132.223
1027	-147.223
1028	-107.779
1029	-123.890
1030	-139.445
1031	-125.556
1032	-119.445
1033	-154.445
1034	-124.445
1035	-147.779
1036	-106.667
1037	-129.445
1038	-121.112
1039	-118.334
1040	-131.112
1041	-127.779
1042	-97.778
1043	-136.112
1044	-171.668
1045	-115.556
1046	-111.667
1047	-142.223
1048	-153.334
1049	-123.890
1050	-112.779
1051	-136.112
1052	-138.890
1053	-115.556
1054	-110.001
1055	-130.001
1056	-125.001
1057	-96.667
1058	-113.334
1059	-149.445
1060	-100.001
1061	-111.667
1062	-135.001
1063	-129.445
1064	-119.445
1065	-117.223
1066	-147.223
1067	-103.890
1068	-98.890
1069	-101.667
1070	-97.223
1071	-113.334
1072	-118.334
1073	-91.112
1074	-127.223
1075	-96.112
1076	-98.890
1077	-121.112
1078	-112.779
1079	-107.779
1080	-113.890
1081	-85.001
1082	-117.779
1083	-72.778
1084	-84.445
1085	-132.223
1086	-110.001
1087	-123.890
1088	-107.779
1089	-117.779
1090	-127.779
1091	-80.001
1092	-130.001
1093	-102.223
1094	-88.334
1095	-62.778
1096	-108.890
1097	-102.223
1098	-107.779
1099	-62.223
1100	-103.890
1101	-83.889
1102	-103.890
1103	-81.667
1104	-73.889
1105	-108.890
1106	-78.334
1107	-99.445
1108	-84.445
1109	-92.223
1110	-113.334
1111	-92.223
1112	-73.889
1113	-98.334
1114	-83.889
1115	-98.890
1116	-61.112
1117	-70.556
1118	-104.445
1119	-90.001
1120	-95.556
1121	-51.111
1122	-76.112
1123	-105.001
1124	-83.334
1125	-67.778
1126	-73.334
1127	-91.667
1128	-86.667
1129	-66.667
1130	-76.112
1131	-87.223
1132	-80.556
1133	-93.334
1134	-71.667
1135	-66.112
1136	-105.001
1137	-75.556
1138	-64.445
1139	-73.334
1140	-86.667
1141	-56.111
1142	-72.778
1143	-78.334
1144	-62.223
1145	-97.778
1146	-56.111
1147	-22.778
1148	-80.001
1149	-66.112
1150	-70.000
1151	-76.112
1152	-69.445
1153	-71.667
1154	-102.778
1155	-57.223
1156	-99.445
1157	-78.889
1158	-85.001
1159	-88.889
1160	-81.112
1161	-88.889
1162	-96.667
1163	-87.778
1164	-62.223
1165	-107.223
1166	-101.667
1167	-113.890
1168	-93.334
1169	-121.667
1170	-116.667
1171	-120.001
1172	-126.112
1173	-131.112
1174	-153.890
1175	-167.779
1176	-135.556
1177	-104.445
1178	-146.668
1179	-100.556
1180	-109.445
1181	-112.779
1182	-66.667
1183	-56.667
1184	-102.223
1185	-71.667
1186	-78.889
1187	-77.223
1188	-75.001
1189	-75.001
1190	-95.556
1191	-81.667
1192	-62.223
1193	-99.445
1194	-102.223
1195	-104.445
1196	-74.445
1197	-117.779
1198	-74.445
1199	-91.112
1200	-68.334
1201	-93.334
1202	-125.556
1203	-58.889
1204	-86.112
1205	-82.223
1206	-78.889
1207	-85.001
1208	-41.111
1209	-48.334
1210	-65.556
1211	-75.556
1212	-63.334
1213	-59.445
1214	-56.111
1215	-56.667
1216	-59.445
1217	-61.112
1218	-74.445
1219	-53.334
1220	-36.667
1221	-57.778
1222	-74.445
1223	-57.778
1224	-67.778
1225	-60.000
1226	-58.889
1227	-53.889
1228	-45.000
1229	-56.111
1230	-56.111
1231	-56.111
1232	-56.111
1233	-56.111
1234	-56.111
1235	-56.111
1236	-56.111
1237	-56.111
1238	-56.111
1239	-56.111
1240	-56.111
1241	-56.111
1242	-56.111
1243	-56.111
1244	-56.111
1245	-56.111
1246	-56.111
1247	-56.111
1248	-56.111
1249	-56.111
1250	-56.111
1251	-56.111
1252	-56.111
1253	-56.111
1254	-56.111
1255	-56.111
1256	-56.111
1257	-56.111
1258	-56.111
1259	-56.111
1260	-56.111
1261	-56.111
1262	-56.111
1263	-56.111
1264	-56.111
1265	-56.111
1266	-56.111
1267	-56.111
1268	-56.111
1269	-56.111
1270	-56.111
1271	-56.111
1272	-56.111
1273	-56.111
1274	-56.111
1275	-56.111
1276	-56.111
1277	-56.111
1278	-56.111
1279	-56.111
1280	-56.111
1281	-56.111
1282	-56.111
1283	-56.111
1284	-56.111
1285	-56.111
1286	-56.111
1287	-56.111
1288	-56.111
1289	-56.111
1290	-56.111
1291	-56.111
1292	-56.111
1293	-56.111
1294	-56.111
1295	-56.111
1296	-56.111
1297	-56.111
1298	-56.111
1299	-56.111
1300	-56.111
1301	-56.111
1302	-56.111
1303	-56.111
1304	-56.111
1305	-56.111
1306	-56.111
1307	-56.111
1308	-56.111
1309	-56.111
1310	-56.111
1311	-56.111
1312	-56.111
1313	-56.111
1314	-56.111
1315	-56.111
1316	-56.111
1317	-56.111
1318	-56.111
1319	-56.111
1320	-56.111
1321	-56.111
1322	-56.111
1323	-56.111
1324	-56.111
1325	-56.111
1326	-56.111
1327	-56.111
1328	-56.111
1329	-56.111
1330	-56.111
1331	-56.111
1332	-56.111
1333	-56.111
1334	-56.111
1335	-56.111
1336	-56.111
1337	-56.111
1338	-56.111
1339	-56.111
1340	-56.111
1341	-56.111
1342	-56.111
1343	-56.111
1344	-56.111
1345	-56.111
1346	-56.111
1347	-56.111
1348	-56.111
1349	-56.111
1350	-56.111
1351	-56.111
1352	-56.111
1353	-56.111
1354	-56.111
1355	-56.111
1356	-56.111
1357	-56.111
1358	-56.111
1359	-56.111
1360	-56.111
1361	-56.111
1362	-56.111
1363	-56.111
1364	-56.111
1365	-56.111
1366	-56.111
1367	-56.111
1368	-56.111
1369	-56.111
1370	-56.111
1371	-56.111
1372	-56.111
1373	-56.111
1374	-56.111
1375	-56.111
1376	-56.111
1377	-56.111
1378	-56.111
1379	-56.111
1380	-56.111
1381	-56.111
1382	-56.111
