153.190	-41.389
153.450	-31.667
153.700	-58.889
153.950	-42.778
154.200	-32.778
154.450	-60.834
154.710	-48.056
154.960	-29.722
155.210	-36.667
155.460	-53.889
155.720	-50.556
155.970	-42.223
156.220	-53.611
156.470	-38.334
156.730	-32.500
156.980	-39.445
157.230	-50.834
157.490	-50.556
157.740	-50.278
157.990	-27.500
158.240	-43.611
158.500	-43.611
158.750	-64.723
159.000	-54.445
159.250	-51.111
159.510	-22.222
159.760	-50.834
160.010	-52.500
160.270	-31.389
160.520	-46.111
160.770	-49.167
161.030	-52.778
161.280	-43.056
161.530	-55.278
161.780	-18.056
162.040	-41.667
162.290	-25.556
162.540	-30.278
162.800	-36.667
163.050	-31.945
163.300	-55.000
163.560	-40.834
163.810	-40.000
164.060	-40.834
164.320	-32.500
164.570	-42.500
164.820	-43.056
165.080	-42.778
165.330	-47.778
165.580	-23.333
165.840	-48.611
166.090	-53.056
166.340	-43.889
166.600	-26.945
166.850	-45.000
167.100	-50.000
167.360	-28.056
167.610	-45.556
167.860	-56.111
168.120	-47.778
168.370	-33.056
168.630	-43.889
168.880	-35.834
169.130	-27.778
169.390	-41.111
169.640	-21.111
169.890	-40.834
170.150	-35.556
170.400	-54.167
170.660	-50.556
170.910	-26.667
171.160	-40.556
171.420	-41.111
171.670	-36.945
171.930	-36.667
172.180	-43.056
172.430	-33.334
172.690	-29.445
172.940	-45.834
173.200	-42.500
173.450	-50.834
173.700	-38.056
173.960	-33.334
174.210	-46.389
174.470	-46.389
174.720	-40.000
174.980	-45.000
175.230	-38.611
175.480	-31.667
175.740	-43.056
175.990	-43.334
176.250	-40.000
176.500	-57.500
176.760	-49.445
177.010	-47.223
177.260	-33.889
177.520	-51.111
177.770	-48.611
178.030	-34.167
178.280	-57.500
178.540	-34.167
178.790	-31.111
179.050	-58.056
179.300	-37.222
179.560	-45.278
179.810	-44.167
180.070	-33.056
180.320	-54.723
180.580	-53.056
180.830	-34.722
181.080	-39.445
181.340	-38.611
181.590	-30.000
181.850	-26.111
182.100	-49.167
182.360	-45.556
182.610	-22.778
182.870	-41.389
183.120	-33.611
183.380	-43.334
183.630	-50.000
183.890	-22.222
184.140	-43.611
184.400	-45.278
184.660	-41.111
184.910	-43.611
185.170	-46.111
185.420	-45.834
185.680	-50.278
185.930	-52.223
186.190	-43.334
186.440	-50.834
186.700	-41.945
186.950	-38.889
187.210	-48.334
187.460	-52.778
187.720	-49.445
187.970	-49.167
188.230	-48.611
188.490	-40.834
188.740	-46.111
189.000	-45.278
189.250	-60.278
189.510	-27.500
189.760	-48.889
190.020	-57.223
190.270	-50.834
190.530	-42.778
190.790	-27.500
191.040	-43.334
191.300	-31.389
191.550	-51.667
191.810	-41.111
192.060	-50.556
192.320	-33.611
192.580	-34.722
192.830	-36.667
193.090	-56.945
193.340	-49.723
193.600	-46.111
193.860	-40.278
194.110	-43.611
194.370	-40.000
194.620	-50.556
194.880	-55.000
195.140	-50.278
195.390	-31.667
195.650	-58.889
195.910	-53.334
196.160	-39.167
196.420	-41.945
196.670	-36.111
196.930	-42.778
197.190	-39.722
197.440	-41.111
197.700	-58.889
197.960	-51.945
198.210	-39.167
198.470	-41.111
198.720	-56.667
198.980	-36.667
199.240	-49.445
199.490	-43.334
199.750	-48.334
200.010	-31.111
200.260	-45.834
200.520	-43.334
200.780	-45.000
201.030	-48.889
201.290	-47.500
201.550	-52.223
201.800	-49.167
202.060	-52.223
202.320	-36.389
202.570	-51.945
202.830	-30.834
203.090	-37.222
203.340	-29.167
203.600	-46.667
203.860	-58.334
204.120	-41.945
204.370	-37.778
204.630	-63.056
204.890	-43.334
205.140	-38.611
205.400	-36.667
205.660	-46.111
205.910	-34.722
206.170	-33.889
206.430	-55.556
206.690	-28.334
206.940	-37.778
207.200	-50.000
207.460	-40.000
207.710	-35.834
207.970	-43.611
208.230	-57.223
208.490	-44.445
208.740	-44.445
209.000	-39.445
209.260	-67.500
209.520	-45.000
209.770	-50.278
210.030	-30.278
210.290	-46.667
210.550	-38.056
210.800	-48.611
211.060	-52.778
211.320	-53.889
211.580	-31.111
211.830	-37.500
212.090	-47.223
212.350	-38.056
212.610	-46.667
212.860	-24.445
213.120	-59.167
213.380	-38.056
213.640	-53.334
213.900	-24.445
214.150	-66.945
214.410	-42.223
214.670	-44.723
214.930	-47.223
215.190	-37.222
215.440	-34.722
215.700	-49.445
215.960	-40.556
216.220	-42.500
216.480	-45.278
216.730	-36.945
216.990	-46.945
217.250	-43.889
217.510	-38.889
217.770	-43.611
218.020	-44.723
218.280	-47.223
218.540	-36.945
218.800	-45.278
219.060	-33.056
219.320	-46.667
219.570	-42.778
219.830	-44.167
220.090	-34.445
220.350	-58.612
220.610	-43.056
220.870	-35.556
221.120	-38.334
221.380	-60.834
221.640	-33.889
221.900	-25.278
222.160	-52.500
222.420	-51.111
222.680	-37.778
222.930	-41.945
223.190	-30.278
223.450	-32.778
223.710	-42.500
223.970	-51.111
224.230	-42.223
224.490	-21.111
224.740	-33.056
225.000	-45.556
225.260	-58.056
225.520	-48.889
225.780	-24.445
226.040	-51.945
226.300	-55.278
226.560	-30.278
226.820	-45.278
227.080	-32.500
227.330	-50.278
227.590	-39.445
227.850	-59.723
228.110	-48.056
228.370	-53.056
228.630	-39.445
228.890	-47.778
229.150	-39.445
229.410	-48.611
229.670	-36.389
229.930	-44.445
230.180	-42.778
230.440	-44.445
230.700	-29.445
230.960	-53.334
231.220	-54.723
231.480	-50.556
231.740	-40.834
232.000	-57.500
232.260	-55.000
232.520	-56.667
232.780	-39.445
233.040	-41.111
233.300	-38.889
233.560	-29.445
233.820	-31.389
234.080	-26.111
234.340	-36.945
234.600	-32.778
234.860	-41.111
235.120	-37.778
235.380	-40.278
235.640	-43.889
235.890	-39.445
236.150	-40.556
236.410	-43.611
236.670	-56.389
236.930	-36.389
237.190	-28.334
237.450	-23.333
237.710	-34.722
237.970	-37.500
238.230	-45.278
238.490	-34.722
238.750	-44.167
239.010	-31.111
239.270	-39.445
239.530	-42.778
239.790	-36.389
240.050	-35.000
240.310	-52.778
240.580	-36.111
240.840	-26.111
241.100	-36.945
241.360	-35.556
241.620	-41.667
241.880	-26.667
242.140	-55.000
242.400	-35.000
242.660	-33.611
242.920	-38.056
243.180	-29.167
243.440	-36.667
243.700	-23.056
243.960	-22.778
244.220	-36.667
244.480	-23.056
244.740	-25.834
245.000	-50.000
245.260	-20.278
245.520	-43.889
245.780	-36.111
246.050	-27.500
246.310	-29.445
246.570	-36.111
246.830	-41.389
247.090	-32.222
247.350	-19.722
247.610	-22.778
247.870	-30.278
248.130	-23.333
248.390	-7.778
248.650	-26.945
248.910	-38.334
249.180	-28.056
249.440	-35.278
249.700	-26.945
249.960	-23.333
250.220	-34.722
250.480	-22.778
250.740	-25.278
251.000	-34.167
251.260	-30.278
251.530	-48.334
251.790	-23.056
252.050	-35.278
252.310	-33.334
252.570	-25.556
252.830	-43.611
253.090	-40.000
253.350	-41.667
253.620	-33.056
253.880	-30.556
254.140	-30.278
254.400	-35.000
254.660	-32.222
254.920	-16.667
255.180	-40.556
255.450	-30.000
255.710	-35.556
255.970	-36.945
256.230	-13.889
256.490	-60.278
256.750	-37.778
257.020	-18.056
257.280	-44.723
257.540	-28.334
257.800	-36.111
258.060	-22.500
258.320	-29.445
258.590	-48.889
258.850	-40.556
259.110	-56.667
259.370	-39.722
259.630	-39.167
259.900	-49.445
260.160	-39.722
260.420	-27.778
260.680	-32.222
260.940	-40.000
261.210	-25.278
261.470	-46.667
261.730	-49.167
261.990	-32.222
262.250	-48.334
262.520	-45.834
262.780	-43.611
263.040	-36.667
263.300	-51.667
263.570	-40.556
263.830	-26.945
264.090	-33.334
264.350	-55.278
264.610	-33.611
264.880	-55.834
265.140	-60.000
265.400	-40.834
265.660	-33.056
265.930	-37.500
266.190	-41.667
266.450	-22.778
266.710	-39.167
266.980	-25.556
267.240	-46.111
267.500	-42.778
267.760	-34.167
268.030	-26.945
268.290	-20.000
268.550	-30.278
268.820	-56.111
269.080	-47.500
269.340	-23.889
269.600	-35.556
269.870	-50.834
270.130	-57.500
270.390	-35.834
270.660	-41.945
270.920	-37.222
271.180	-44.167
271.440	-51.945
271.710	-24.167
271.970	-43.334
272.230	-38.611
272.500	-34.167
272.760	-34.445
273.020	-45.000
273.290	-45.278
273.550	-51.667
273.810	-59.723
274.070	-27.500
274.340	-53.611
274.600	-44.723
274.860	-48.056
275.130	-38.611
275.390	-28.056
275.650	-20.833
275.920	-48.889
276.180	-23.333
276.440	-33.889
276.710	-33.334
276.970	-33.611
277.230	-43.889
277.500	-25.278
277.760	-40.556
278.030	-36.389
278.290	-61.112
278.550	-52.500
278.820	-41.389
279.080	-30.278
279.340	-48.889
279.610	-38.611
279.870	-34.167
280.130	-60.834
280.400	-30.556
280.660	-55.556
280.930	-45.278
281.190	-40.556
281.450	-44.723
281.720	-62.500
281.980	-50.000
282.250	-47.778
282.510	-45.834
282.770	-48.056
283.040	-49.723
283.300	-39.167
283.570	-34.445
283.830	-42.778
284.090	-57.223
284.360	-28.611
284.620	-53.611
284.890	-58.056
285.150	-42.778
285.410	-51.111
285.680	-44.723
285.940	-31.389
286.210	-40.556
286.470	-48.056
286.740	-35.278
287.000	-47.223
287.260	-49.723
287.530	-47.778
287.790	-39.445
288.060	-43.611
288.320	-46.111
288.590	-33.889
288.850	-45.000
289.120	-54.723
289.380	-46.111
289.640	-53.889
289.910	-31.111
290.170	-68.334
290.440	-56.667
290.700	-45.556
290.970	-40.556
291.230	-45.556
291.500	-50.000
291.760	-65.556
292.030	-50.556
292.290	-45.000
292.560	-33.611
292.820	-33.611
293.090	-65.834
293.350	-44.167
293.620	-52.223
293.880	-44.167
294.150	-49.723
294.410	-58.612
294.680	-64.167
294.940	-41.111
295.210	-50.000
295.470	-54.723
295.740	-45.834
296.000	-66.667
296.270	-48.611
296.530	-51.945
296.800	-43.056
297.060	-65.278
297.330	-49.167
297.590	-81.945
297.860	-43.611
298.120	-33.334
298.390	-60.278
298.650	-40.000
298.920	-54.723
299.180	-52.500
299.450	-56.389
299.720	-63.056
299.980	-62.500
300.250	-56.667
300.510	-61.112
300.780	-63.889
301.040	-65.278
301.310	-61.667
301.570	-64.445
301.840	-63.056
302.110	-57.500
302.370	-66.945
302.640	-59.723
302.900	-67.778
303.170	-61.667
303.430	-65.556
303.700	-56.389
303.970	-37.500
304.230	-61.112
304.500	-43.334
304.760	-63.056
305.030	-56.667
305.300	-42.778
305.560	-68.056
305.830	-57.778
306.090	-59.445
306.360	-61.945
306.630	-66.389
306.890	-45.000
307.160	-73.056
307.420	-72.500
307.690	-61.112
307.960	-68.889
308.220	-64.167
308.490	-58.056
308.750	-33.056
309.020	-59.445
309.290	-62.500
309.550	-63.612
309.820	-54.445
310.090	-52.500
310.350	-63.612
310.620	-68.889
310.890	-68.056
311.150	-66.945
311.420	-73.056
311.680	-64.723
311.950	-74.723
312.220	-57.500
312.480	-64.167
312.750	-53.889
313.020	-60.000
313.280	-45.834
313.550	-63.334
313.820	-76.667
314.080	-52.223
314.350	-57.778
314.620	-73.889
314.880	-65.000
315.150	-80.001
315.420	-49.167
315.690	-56.389
315.950	-69.445
316.220	-68.334
316.490	-73.889
316.750	-60.000
317.020	-63.056
317.290	-60.000
317.550	-68.889
317.820	-69.167
318.090	-47.778
318.360	-74.723
318.620	-60.000
318.890	-58.056
319.160	-54.167
319.420	-75.834
319.690	-55.556
319.960	-60.834
320.230	-54.167
320.490	-43.889
320.760	-71.667
321.030	-57.223
321.290	-64.167
321.560	-63.334
321.830	-47.223
322.100	-57.778
322.360	-55.000
322.630	-63.056
322.900	-62.500
323.170	-63.612
323.430	-66.945
323.700	-57.778
323.970	-77.778
324.240	-48.889
324.500	-51.945
324.770	-63.612
325.040	-72.223
325.310	-73.334
325.580	-65.556
325.840	-47.500
326.110	-53.056
326.380	-59.445
326.650	-63.889
326.910	-61.112
327.180	-79.445
327.450	-60.556
327.720	-48.056
327.990	-78.056
328.250	-80.001
328.520	-66.667
328.790	-43.334
329.060	-70.834
329.330	-67.500
329.590	-57.778
329.860	-44.167
330.130	-66.945
330.400	-45.278
330.670	-56.667
330.930	-63.334
331.200	-58.056
331.470	-45.556
331.740	-69.167
332.010	-70.556
332.280	-61.667
332.540	-73.334
332.810	-52.500
333.080	-55.556
333.350	-70.556
333.620	-77.501
333.890	-65.556
334.150	-52.778
334.420	-57.778
334.690	-70.000
334.960	-80.278
335.230	-77.778
335.500	-71.112
335.770	-62.778
336.030	-68.334
336.300	-70.278
336.570	-66.389
336.840	-74.167
337.110	-57.500
337.380	-64.723
337.650	-60.834
337.920	-58.612
338.180	-54.167
338.450	-72.223
338.720	-60.278
338.990	-68.334
339.260	-45.834
339.530	-61.112
339.800	-70.278
340.070	-66.112
340.340	-61.667
340.600	-72.500
340.870	-40.556
341.140	-63.056
341.410	-57.223
341.680	-70.278
341.950	-52.500
342.220	-57.778
342.490	-84.445
342.760	-66.112
343.030	-65.556
343.300	-56.945
343.570	-66.389
343.830	-58.612
344.100	-61.945
344.370	-66.112
344.640	-74.723
344.910	-78.612
345.180	-71.389
345.450	-90.001
345.720	-60.278
345.990	-83.334
346.260	-67.223
346.530	-68.889
346.800	-65.556
347.070	-72.223
347.340	-63.334
347.610	-56.389
347.880	-55.834
348.150	-80.278
348.420	-71.112
348.690	-81.389
348.960	-50.000
349.230	-65.556
349.500	-81.389
349.760	-53.334
350.030	-52.500
350.300	-80.834
350.570	-62.500
350.840	-65.278
351.110	-57.500
351.380	-68.334
351.650	-67.223
351.920	-77.778
352.190	-82.501
352.460	-60.278
352.730	-69.445
353.000	-65.556
353.270	-66.945
353.540	-58.612
353.810	-76.945
354.080	-65.556
354.360	-57.778
354.630	-73.334
354.900	-53.611
355.170	-79.723
355.440	-63.334
355.710	-61.112
355.980	-43.889
356.250	-73.334
356.520	-80.278
356.790	-58.056
357.060	-71.389
357.330	-69.723
357.600	-58.889
357.870	-77.778
358.140	-71.945
358.410	-41.945
358.680	-65.556
358.950	-71.389
359.220	-74.167
359.490	-44.167
359.760	-62.778
360.030	-65.000
360.310	-72.500
360.580	-75.278
360.850	-61.112
361.120	-86.667
361.390	-66.667
361.660	-76.667
361.930	-65.000
362.200	-84.445
362.470	-63.334
362.740	-65.000
363.010	-85.278
363.290	-84.723
363.560	-65.278
363.830	-66.112
364.100	-85.278
364.370	-68.056
364.640	-69.167
364.910	-72.500
365.180	-65.278
365.450	-70.556
365.720	-73.889
366.000	-63.056
366.270	-93.612
366.540	-89.167
366.810	-84.445
367.080	-51.945
367.350	-51.945
367.620	-83.889
367.900	-80.278
368.170	-76.112
368.440	-65.278
368.710	-69.723
368.980	-77.501
369.250	-72.500
369.520	-63.334
369.800	-68.612
370.070	-69.723
370.340	-82.501
370.610	-77.778
370.880	-73.612
371.150	-75.834
371.430	-78.056
371.700	-64.723
371.970	-89.723
372.240	-66.945
372.510	-95.001
372.780	-73.612
373.060	-68.334
373.330	-79.723
373.600	-76.667
373.870	-69.723
374.140	-77.501
374.420	-77.778
374.690	-88.334
374.960	-73.889
375.230	-63.889
375.500	-85.556
375.780	-69.167
376.050	-74.445
376.320	-78.889
376.590	-80.834
376.860	-86.389
377.140	-79.445
377.410	-83.889
377.680	-86.667
377.950	-93.056
378.220	-92.778
378.500	-100.001
378.770	-100.278
379.040	-123.890
379.310	-108.890
379.590	-122.223
379.860	-112.779
380.130	-106.667
380.400	-140.834
380.680	-128.334
380.950	-135.834
381.220	-142.501
381.490	-154.445
381.770	-158.890
382.040	-176.668
382.310	-175.835
382.580	-177.779
382.860	-175.835
383.130	-201.668
383.400	-195.279
383.670	-199.446
383.950	-219.446
384.220	-226.946
384.490	-217.501
384.770	-268.613
385.040	-300.002
385.310	-348.058
385.580	-363.614
385.860	-373.336
386.130	-421.114
386.400	-451.670
386.680	-480.559
386.950	-512.781
387.220	-569.726
387.500	-592.504
387.770	-629.171
388.040	-672.227
388.310	-716.672
388.590	-710.283
388.860	-772.505
389.130	-821.672
389.410	-850.284
389.680	-952.784
389.950	-1008.896
390.230	-1115.285
390.500	-1184.730
390.770	-1291.120
391.050	-1360.843
391.320	-1456.677
391.590	-1537.788
391.870	-1639.178
392.140	-1659.456
392.410	-1771.956
392.690	-1818.623
392.960	-1722.512
393.230	-1629.178
393.510	-1515.566
393.780	-1407.510
394.060	-1280.286
394.330	-1244.453
394.600	-1262.786
394.880	-1385.009
395.150	-1518.899
395.420	-1739.178
395.700	-1923.902
395.970	-2105.014
396.250	-2190.570
396.520	-2280.015
396.790	-2224.182
397.070	-2077.236
397.340	-1887.513
397.610	-1776.956
397.890	-1768.901
398.160	-1832.790
398.440	-1909.457
398.710	-2224.460
398.980	-2487.795
399.260	-2735.574
399.530	-2948.353
399.810	-3027.798
400.080	-3126.410
400.350	-3260.022
400.630	-3325.578
400.900	-3344.189
401.180	-3321.411
401.450	-3428.634
401.730	-3349.745
402.000	-3461.412
402.270	-3423.357
402.550	-3488.079
402.820	-3398.634
403.100	-3485.024
403.370	-3499.190
403.650	-3469.190
403.920	-3449.190
404.200	-3398.356
404.470	-3414.190
404.740	-3367.245
405.020	-3360.023
405.290	-3319.189
405.570	-3320.578
405.840	-3327.800
406.120	-3258.355
406.390	-3310.300
406.670	-3196.133
406.940	-3205.300
407.220	-3205.577
407.490	-3141.688
407.770	-3085.576
408.040	-3083.632
408.320	-3161.133
408.590	-3147.799
408.860	-3146.966
409.140	-3168.077
409.410	-3119.466
409.690	-3194.188
409.960	-3241.966
410.240	-3102.521
410.510	-3184.188
410.790	-3047.243
411.060	-2949.464
411.340	-2995.298
411.610	-2895.020
411.890	-2957.798
412.170	-3010.020
412.440	-2988.909
412.720	-3022.798
412.990	-2941.687
413.270	-2999.187
413.540	-2944.187
413.820	-2989.187
414.090	-2903.631
414.370	-2854.464
414.640	-2924.742
414.920	-2902.797
415.190	-2880.297
415.470	-2806.686
415.740	-2839.741
416.020	-2797.797
416.300	-2725.296
416.570	-2834.186
416.850	-2785.852
417.120	-2783.352
417.400	-2765.574
417.670	-2760.852
417.950	-2665.296
418.220	-2648.907
418.500	-2710.852
418.780	-2538.351
419.050	-2674.740
419.330	-2594.184
419.600	-2490.850
419.880	-2541.684
420.150	-2531.684
420.430	-2551.128
420.710	-2585.573
420.980	-2591.962
421.260	-2423.072
421.530	-2495.850
421.810	-2429.183
422.090	-2515.295
422.360	-2501.961
422.640	-2522.517
422.910	-2518.073
423.190	-2500.295
423.470	-2477.239
423.740	-2361.127
424.020	-2331.127
424.290	-2388.072
424.570	-2460.017
424.850	-2393.350
425.120	-2477.517
425.400	-2419.461
425.680	-2435.294
425.950	-2390.572
426.230	-2482.239
426.500	-2361.683
426.780	-2463.906
427.060	-2400.572
427.330	-2462.239
427.610	-2421.961
427.890	-2408.905
428.160	-2430.016
428.440	-2443.350
428.720	-2356.127
428.990	-2408.350
429.270	-2386.683
429.550	-2478.906
429.820	-2471.128
430.100	-2351.683
430.380	-2423.350
430.650	-2350.016
430.930	-2296.682
431.210	-2265.293
431.480	-2090.292
431.760	-2158.626
432.040	-2265.015
432.310	-2267.238
432.590	-2403.627
432.870	-2533.073
433.140	-2680.296
433.420	-2749.741
433.700	-2856.964
433.980	-2948.631
434.250	-2920.853
434.530	-2990.298
434.810	-3097.799
435.080	-3108.354
435.360	-3213.633
435.640	-3334.189
435.910	-3328.078
436.190	-3484.190
436.470	-3588.358
436.750	-3660.025
437.020	-3820.859
437.300	-3860.582
437.580	-4001.972
437.860	-4188.640
438.130	-4257.251
438.410	-4399.474
438.690	-4542.809
438.960	-4647.809
439.240	-4759.199
439.520	-4915.867
439.800	-5258.091
440.070	-5637.260
440.350	-6048.930
440.630	-6520.322
440.910	-6920.047
441.190	-7445.884
441.460	-8000.054
441.740	-8350.890
442.020	-8746.726
442.300	-9003.394
442.570	-9179.229
442.850	-9260.896
443.130	-9323.952
443.410	-9341.452
443.680	-9281.730
443.960	-9223.118
444.240	-9170.896
444.520	-9055.339
444.800	-9162.007
445.070	-9106.173
445.350	-9149.366
445.630	-9112.181
445.910	-9004.512
446.190	-8700.098
446.460	-8262.834
446.740	-7849.498
447.020	-7272.827
447.300	-6754.768
447.580	-6228.945
447.850	-5898.786
448.130	-5593.729
448.410	-5313.873
448.690	-5199.757
448.970	-5150.010
449.250	-5058.406
449.520	-4982.353
449.800	-4995.250
450.080	-4952.714
450.360	-4936.884
450.640	-4860.084
450.920	-4889.366
451.190	-5027.238
451.470	-4977.570
451.750	-4950.405
452.030	-4969.616
452.310	-4835.625
452.590	-4775.097
452.860	-4691.794
453.140	-4596.409
453.420	-4520.307
453.700	-4326.678
453.980	-4225.522
454.260	-4163.975
454.540	-4118.948
454.820	-4138.438
455.090	-4150.759
455.370	-4109.398
455.650	-4101.174
455.930	-4119.987
456.210	-4221.782
456.490	-4216.202
456.770	-4294.392
457.050	-4337.035
457.330	-4406.705
457.600	-4476.121
457.880	-4618.865
458.160	-4580.913
458.440	-4694.092
458.720	-4693.192
459.000	-4751.993
459.280	-4745.442
459.560	-4819.404
459.840	-4802.861
460.120	-4790.174
460.400	-4760.318
460.670	-4746.706
460.950	-4732.415
461.230	-4636.235
461.510	-4660.706
461.790	-4647.113
462.070	-4667.864
462.350	-4639.416
462.630	-4589.489
462.910	-4576.495
463.190	-4486.792
463.470	-4450.492
463.750	-4390.901
464.030	-4361.667
464.310	-4417.167
464.590	-4408.189
464.870	-4317.865
465.150	-4424.785
465.420	-4420.483
465.700	-4588.837
465.980	-4617.378
466.260	-4860.354
466.540	-5122.561
466.820	-5342.835
467.100	-5544.255
467.380	-5761.711
467.660	-5860.731
467.940	-5999.473
468.220	-5991.830
468.500	-5985.223
468.780	-6026.077
469.060	-6032.999
469.340	-6017.260
469.620	-5940.498
469.900	-5769.731
470.180	-5479.889
470.460	-5008.550
470.740	-4740.527
471.020	-4471.372
471.300	-4240.460
471.580	-4084.705
471.860	-3841.415
472.140	-3745.634
472.420	-3659.868
472.700	-3701.900
472.980	-3564.569
473.260	-3592.864
473.540	-3524.165
473.820	-3504.076
474.100	-3427.962
474.380	-3362.239
474.670	-3258.730
474.950	-3270.234
475.230	-3323.826
475.510	-3407.868
475.790	-3398.898
476.070	-3497.283
476.350	-3513.820
476.630	-3506.977
476.910	-3536.099
477.190	-3535.409
477.470	-3602.479
477.750	-3620.013
478.030	-3734.719
478.310	-3871.137
478.590	-4039.446
478.870	-4281.786
479.150	-4582.804
479.440	-4804.915
479.720	-4983.792
480.000	-5101.575
480.280	-5090.688
480.560	-4996.096
480.840	-4780.993
481.120	-4694.514
481.400	-4473.981
481.680	-4305.564
481.960	-4131.917
482.240	-3786.134
482.530	-3574.184
482.810	-3310.144
483.090	-3170.771
483.370	-2919.491
483.650	-2915.394
483.930	-2822.895
484.210	-2750.918
484.490	-2675.330
484.770	-2637.250
485.060	-2581.293
485.340	-2531.638
485.620	-2471.076
485.900	-2402.458
486.180	-2391.011
486.460	-2324.675
486.740	-2173.817
487.030	-2194.780
487.310	-2161.524
487.590	-2119.247
487.870	-2098.745
488.150	-2144.026
488.430	-2046.955
488.710	-2054.700
489.000	-2061.554
489.280	-2224.763
489.560	-2180.437
489.840	-2143.845
490.120	-2172.957
490.400	-2143.082
490.690	-2181.318
490.970	-2088.256
491.250	-2265.440
491.530	-2219.990
491.810	-2173.607
492.090	-2178.976
492.380	-2197.074
492.660	-2166.713
492.940	-2146.570
493.220	-2046.581
493.500	-2086.486
493.790	-2113.890
494.070	-2114.743
494.350	-2112.184
494.630	-2027.579
494.910	-2040.387
495.200	-2120.792
495.480	-2082.900
495.760	-2051.561
496.040	-2071.219
496.330	-2024.899
496.610	-2061.646
496.890	-2112.291
497.170	-2105.752
497.450	-2100.999
497.740	-2042.603
498.020	-2095.400
498.300	-2088.960
498.580	-2024.515
498.870	-1991.577
499.150	-1969.876
499.430	-1931.414
499.710	-2018.176
500.000	-2004.852
500.280	-2084.465
500.560	-2057.972
500.840	-1923.744
501.130	-1974.475
501.410	-2034.519
501.690	-1965.426
501.970	-1947.082
502.260	-1991.395
502.540	-1992.649
502.820	-1865.297
503.100	-1894.524
503.390	-1831.263
503.670	-1880.059
503.950	-1925.706
504.240	-1878.046
504.520	-1909.625
504.800	-1954.361
505.080	-1912.256
505.370	-1882.694
505.650	-1839.230
505.930	-1850.885
506.220	-1910.361
506.500	-1847.908
506.780	-2007.497
507.070	-1947.668
507.350	-1913.464
507.630	-1863.281
507.910	-1927.043
508.200	-1939.411
508.480	-1847.704
508.760	-1767.716
509.050	-1721.379
509.330	-1747.513
509.610	-1760.247
509.900	-1853.984
510.180	-1857.214
510.460	-1824.872
510.750	-1839.816
511.030	-1799.977
511.310	-1797.070
511.600	-1754.867
511.880	-1802.042
512.160	-1865.663
512.450	-1732.185
512.730	-1753.251
513.010	-1849.400
513.300	-1794.275
513.580	-1775.838
513.870	-1717.627
514.150	-1696.832
514.430	-1673.137
514.720	-1675.624
515.000	-1685.289
515.280	-1758.962
515.570	-1695.551
515.850	-1633.588
516.140	-1723.858
516.420	-1702.737
516.700	-1749.297
516.990	-1722.084
517.270	-1752.728
517.560	-1685.088
517.840	-1540.711
518.120	-1632.658
518.410	-1608.078
518.690	-1645.754
518.980	-1617.540
519.260	-1541.469
519.540	-1580.898
519.830	-1638.558
520.110	-1656.411
520.400	-1713.384
520.680	-1722.048
520.960	-1673.214
521.250	-1700.519
521.530	-1687.129
521.820	-1697.368
522.100	-1703.477
522.390	-1753.830
522.670	-1733.948
522.950	-1687.512
523.240	-1714.537
523.520	-1692.897
523.810	-1711.520
524.090	-1726.672
524.380	-1776.066
524.660	-1729.449
524.950	-1687.990
525.230	-1706.378
525.510	-1784.713
525.800	-1793.679
526.080	-1807.855
526.370	-1757.672
526.650	-1784.327
526.940	-1730.689
527.220	-1758.565
527.510	-1681.269
527.790	-1733.677
528.080	-1675.888
528.360	-1610.973
528.650	-1622.248
528.930	-1647.677
529.220	-1728.333
529.500	-1702.544
529.790	-1669.632
530.070	-1682.463
530.360	-1677.272
530.640	-1675.109
530.930	-1755.800
531.210	-1740.132
531.500	-1757.526
531.780	-1741.652
532.070	-1668.022
532.350	-1612.937
532.640	-1678.232
532.920	-1639.338
533.210	-1717.953
533.490	-1656.182
533.780	-1700.367
534.060	-1540.889
534.350	-1586.164
534.630	-1625.938
534.920	-1724.253
535.200	-1641.169
535.490	-1609.321
535.770	-1615.668
536.060	-1619.475
536.350	-1608.652
536.630	-1685.797
536.920	-1688.572
537.200	-1638.622
537.490	-1653.052
537.770	-1604.024
538.060	-1587.996
538.340	-1604.301
538.630	-1652.524
538.920	-1617.906
539.200	-1579.688
539.490	-1574.821
539.770	-1587.548
540.060	-1544.758
540.340	-1613.027
540.630	-1580.525
540.920	-1580.307
541.200	-1540.185
541.490	-1498.990
541.770	-1430.633
542.060	-1468.768
542.350	-1455.777
542.630	-1509.557
542.920	-1528.440
543.200	-1528.874
543.490	-1454.925
543.780	-1463.929
544.060	-1462.740
544.350	-1456.973
544.630	-1551.558
544.920	-1514.830
545.210	-1475.926
545.490	-1445.967
545.780	-1472.331
546.070	-1391.356
546.350	-1510.289
546.640	-1531.197
546.920	-1449.736
547.210	-1427.408
547.500	-1392.415
547.780	-1411.675
548.070	-1348.198
548.360	-1444.227
548.640	-1411.946
548.930	-1422.526
549.220	-1390.245
549.500	-1344.943
549.790	-1403.575
550.080	-1352.468
550.360	-1501.685
550.650	-1456.023
550.940	-1399.761
551.220	-1392.403
551.510	-1335.271
551.800	-1436.003
552.080	-1356.147
552.370	-1377.670
552.660	-1420.880
552.940	-1414.046
553.230	-1344.261
553.520	-1340.060
553.800	-1373.522
554.090	-1358.151
554.380	-1411.950
554.660	-1414.697
554.950	-1379.818
555.240	-1365.746
555.530	-1279.492
555.810	-1314.343
556.100	-1380.581
556.390	-1360.071
556.670	-1390.284
556.960	-1410.287
557.250	-1296.283
557.540	-1290.248
557.820	-1312.204
558.110	-1307.917
558.400	-1358.440
558.680	-1366.265
558.970	-1315.308
559.260	-1311.391
559.550	-1281.654
559.830	-1183.367
560.120	-1256.858
560.410	-1295.187
560.700	-1277.790
560.980	-1274.423
561.270	-1239.329
561.560	-1199.124
561.850	-1259.139
562.130	-1210.450
562.420	-1264.664
562.710	-1298.639
563.000	-1298.288
563.280	-1254.531
563.570	-1190.793
563.860	-1219.051
564.150	-1209.565
564.430	-1228.234
564.720	-1245.490
565.010	-1277.454
565.300	-1225.123
565.590	-1260.025
565.870	-1207.388
566.160	-1204.074
566.450	-1182.828
566.740	-1176.381
567.030	-1243.635
567.310	-1209.726
567.600	-1266.524
567.890	-1129.191
568.180	-1147.823
568.470	-1103.220
568.750	-1165.250
569.040	-1220.714
569.330	-1200.430
569.620	-1139.810
569.910	-1120.120
570.190	-1126.024
570.480	-1115.340
570.770	-1114.778
571.060	-1079.927
571.350	-1158.570
571.640	-1141.718
571.920	-1086.949
572.210	-1157.165
572.500	-1125.147
572.790	-1102.677
573.080	-1148.159
573.370	-1200.349
573.650	-1201.078
573.940	-1162.925
574.230	-1143.324
574.520	-1129.844
574.810	-1169.807
575.100	-1232.126
575.390	-1168.409
575.670	-1173.440
575.960	-1278.325
576.250	-1203.434
576.540	-1238.426
576.830	-1173.188
577.120	-1277.008
577.410	-1280.348
577.700	-1267.088
577.990	-1284.327
578.270	-1214.175
578.560	-1286.755
578.850	-1245.572
579.140	-1221.323
579.430	-1176.965
579.720	-1182.499
580.010	-1249.018
580.300	-1283.417
580.590	-1260.753
580.870	-1231.126
581.160	-1217.637
581.450	-1283.283
581.740	-1318.534
582.030	-1327.721
582.320	-1396.837
582.610	-1421.435
582.900	-1489.107
583.190	-1500.493
583.480	-1485.093
583.770	-1567.416
584.060	-1622.278
584.350	-1662.287
584.630	-1694.662
584.920	-1731.048
585.210	-1719.834
585.500	-1714.952
585.790	-1707.886
586.080	-1747.074
586.370	-1748.106
586.660	-1735.664
586.950	-1654.234
587.240	-1676.932
587.530	-1648.874
587.820	-1642.395
588.110	-1584.625
588.400	-1505.529
588.690	-1489.872
588.980	-1519.669
589.270	-1431.850
589.560	-1358.836
589.850	-1309.020
590.140	-1311.674
590.430	-1214.924
590.720	-1230.063
591.010	-1232.333
591.300	-1211.949
591.590	-1280.315
591.880	-1228.487
592.170	-1279.012
592.460	-1246.727
592.750	-1249.845
593.040	-1325.651
593.330	-1318.215
593.620	-1439.598
593.910	-1437.477
594.200	-1547.127
594.490	-1588.186
594.780	-1645.406
595.070	-1719.138
595.360	-1707.347
595.650	-1630.369
595.940	-1665.539
596.230	-1655.567
596.520	-1586.015
596.810	-1534.032
597.100	-1431.311
597.390	-1386.386
597.680	-1441.718
597.970	-1356.763
598.260	-1339.898
598.550	-1348.796
598.840	-1273.676
599.130	-1197.262
599.420	-1173.693
599.710	-1133.011
600.010	-1056.016
600.300	-1055.380
600.590	-1067.174
600.880	-1059.498
601.170	-1009.497
601.460	-1031.418
601.750	-994.682
602.040	-984.681
602.330	-926.692
602.620	-932.632
602.910	-906.042
603.200	-889.352
603.490	-878.320
603.790	-829.082
604.080	-817.756
604.370	-768.770
604.660	-774.789
604.950	-719.346
605.240	-717.083
605.530	-715.951
605.820	-775.683
606.110	-755.054
606.400	-763.051
606.700	-721.090
606.990	-761.357
607.280	-717.883
607.570	-725.788
607.860	-679.773
608.150	-741.490
608.440	-723.688
608.730	-727.927
609.030	-693.887
609.320	-727.832
609.610	-690.902
609.900	-686.938
610.190	-673.346
610.480	-701.242
610.770	-738.015
611.070	-722.615
611.360	-726.418
611.650	-685.805
611.940	-667.400
612.230	-690.485
612.520	-626.425
612.820	-668.093
613.110	-708.203
613.400	-721.026
613.690	-688.762
613.980	-660.301
614.270	-672.363
614.570	-671.508
614.860	-666.323
615.150	-675.458
615.440	-676.737
615.730	-670.842
616.030	-672.978
616.320	-638.613
616.610	-681.569
616.900	-595.084
617.190	-593.444
617.480	-652.648
617.780	-630.043
618.070	-647.381
618.360	-661.486
618.650	-680.025
618.950	-660.264
619.240	-647.860
619.530	-617.049
619.820	-644.873
620.110	-632.224
620.410	-640.036
620.700	-657.225
620.990	-652.971
621.280	-649.601
621.580	-651.053
621.870	-625.863
622.160	-652.594
622.450	-613.659
622.750	-632.255
623.040	-609.255
623.330	-602.869
623.620	-589.227
623.920	-625.510
624.210	-605.772
624.500	-612.738
624.790	-606.062
625.090	-619.414
625.380	-595.613
625.670	-580.810
625.960	-577.920
626.260	-605.296
626.550	-560.502
626.840	-636.613
627.130	-601.456
627.430	-591.867
627.720	-555.257
628.010	-565.426
628.310	-576.758
628.600	-557.581
628.890	-611.044
629.180	-583.190
629.480	-566.320
629.770	-593.079
630.060	-555.849
630.360	-542.441
630.650	-549.728
630.940	-551.477
631.240	-556.132
631.530	-525.181
631.820	-583.951
632.120	-559.372
632.410	-503.761
632.700	-525.745
632.990	-512.961
633.290	-523.203
633.580	-523.431
633.870	-570.752
634.170	-512.037
634.460	-591.317
634.750	-544.845
635.050	-543.087
635.340	-550.531
635.640	-530.485
635.930	-528.829
636.220	-493.927
636.520	-545.668
636.810	-502.995
637.100	-530.025
637.400	-508.546
637.690	-520.513
637.980	-505.997
638.280	-513.648
638.570	-485.486
638.860	-473.201
639.160	-454.618
639.450	-472.113
639.750	-494.095
640.040	-507.999
640.330	-541.318
640.630	-489.637
640.920	-465.512
641.220	-478.288
641.510	-457.284
641.800	-506.026
642.100	-475.096
642.390	-531.670
642.690	-514.822
642.980	-502.685
643.270	-515.252
643.570	-541.398
643.860	-503.075
644.160	-549.941
644.450	-490.821
644.740	-546.019
645.040	-517.547
645.330	-549.903
645.630	-564.668
645.920	-575.302
646.220	-568.679
646.510	-529.718
646.800	-501.739
647.100	-513.592
647.390	-531.506
647.690	-517.384
647.980	-518.254
648.280	-488.320
648.570	-562.151
648.860	-542.080
649.160	-551.989
649.450	-516.869
649.750	-498.722
650.040	-477.843
650.340	-527.563
650.630	-473.965
650.930	-496.659
651.220	-516.622
651.520	-516.287
651.810	-473.635
652.110	-499.259
652.400	-473.325
652.700	-500.953
652.990	-468.605
653.290	-430.155
653.580	-454.036
653.880	-493.676
654.170	-484.512
654.460	-490.240
654.760	-467.946
655.050	-504.975
655.350	-428.592
655.640	-431.031
655.940	-451.765
656.240	-419.771
656.530	-433.275
656.830	-445.479
657.120	-414.230
657.420	-458.170
657.710	-443.031
658.010	-434.208
658.300	-397.876
658.600	-419.669
658.890	-396.748
659.190	-416.251
659.480	-431.978
659.780	-414.754
660.070	-457.759
660.370	-455.568
660.660	-449.219
660.960	-419.827
661.260	-401.512
661.550	-395.683
661.850	-412.796
662.140	-405.723
662.440	-411.956
662.730	-457.038
663.030	-448.778
663.320	-460.925
663.620	-455.158
663.920	-433.553
664.210	-421.421
664.510	-418.202
664.800	-394.100
665.100	-409.221
665.390	-453.391
665.690	-416.953
665.990	-433.444
666.280	-426.834
666.580	-413.277
666.870	-417.373
667.170	-364.600
667.470	-389.852
667.760	-401.335
668.060	-375.973
668.350	-411.550
668.650	-387.642
668.950	-409.401
669.240	-438.348
669.540	-423.375
669.830	-414.101
670.130	-411.088
670.430	-356.161
670.720	-387.630
671.020	-360.453
671.320	-374.577
671.610	-382.022
671.910	-382.595
672.200	-434.429
672.500	-392.493
672.800	-376.759
673.090	-361.403
673.390	-337.062
673.690	-345.577
673.980	-349.010
674.280	-332.367
674.580	-331.795
674.870	-413.954
675.170	-379.695
675.470	-376.745
675.760	-370.084
676.060	-399.880
676.360	-382.804
676.650	-323.552
676.950	-343.393
677.250	-358.730
677.540	-320.053
677.840	-376.706
678.140	-347.150
678.430	-339.730
678.730	-356.899
679.030	-351.178
679.320	-346.522
679.620	-349.194
679.920	-320.710
680.210	-345.328
680.510	-331.824
680.810	-344.425
681.110	-333.163
681.400	-348.828
681.700	-346.870
682.000	-363.374
682.290	-321.934
682.590	-297.038
682.890	-312.113
683.190	-309.016
683.480	-337.677
683.780	-314.200
684.080	-318.371
684.370	-340.615
684.670	-337.992
684.970	-314.405
685.270	-325.963
685.560	-289.406
685.860	-320.664
686.160	-310.942
686.460	-300.162
686.750	-278.327
687.050	-290.212
687.350	-260.626
687.650	-299.360
687.940	-317.101
688.240	-273.897
688.540	-303.530
688.840	-299.930
689.130	-266.697
689.430	-265.027
689.730	-280.267
690.030	-259.760
690.330	-248.083
690.620	-265.010
690.920	-254.465
691.220	-306.635
691.520	-260.835
691.810	-295.558
692.110	-248.023
692.410	-253.565
692.710	-267.188
693.010	-269.134
693.300	-292.013
693.600	-251.254
693.900	-264.366
694.200	-282.251
694.500	-275.820
694.790	-278.340
695.090	-258.739
695.390	-261.238
695.690	-266.557
695.990	-231.714
696.290	-263.704
696.580	-262.860
696.880	-253.834
697.180	-247.884
697.480	-224.427
697.780	-233.694
698.080	-283.439
698.370	-271.264
698.670	-309.811
698.970	-266.727
699.270	-251.389
699.570	-225.520
699.870	-246.822
700.170	-207.835
700.460	-266.973
700.760	-257.590
701.060	-243.628
701.360	-231.105
701.660	-272.079
701.960	-243.913
702.260	-249.321
702.550	-265.551
702.850	-237.973
703.150	-210.678
703.450	-253.610
703.750	-235.745
704.050	-257.047
704.350	-238.585
704.650	-232.095
704.940	-255.627
705.240	-262.455
705.540	-248.836
705.840	-249.403
706.140	-246.885
706.440	-223.127
706.740	-242.705
707.040	-242.171
707.340	-231.766
707.640	-247.319
707.940	-240.064
708.230	-242.074
708.530	-249.722
708.830	-247.477
709.130	-248.905
709.430	-236.057
709.730	-256.236
710.030	-184.624
710.330	-222.727
710.630	-199.049
710.930	-233.157
711.230	-225.954
711.530	-239.091
711.830	-236.345
712.130	-245.863
712.430	-223.721
712.720	-206.323
713.020	-196.714
713.320	-212.270
713.620	-216.204
713.920	-210.405
714.220	-207.092
714.520	-225.813
714.820	-236.316
715.120	-244.607
715.420	-224.935
715.720	-222.721
716.020	-219.456
716.320	-209.301
716.620	-179.298
716.920	-199.240
717.220	-211.917
717.520	-186.288
717.820	-203.848
718.120	-186.470
718.420	-189.053
718.720	-201.892
719.020	-198.493
719.320	-193.971
719.620	-163.057
719.920	-191.022
720.220	-167.559
720.520	-192.609
720.820	-176.361
721.120	-165.385
721.420	-169.736
721.720	-180.250
722.020	-191.338
722.320	-168.959
722.620	-184.904
722.920	-182.293
723.220	-160.452
723.520	-177.533
723.820	-190.323
724.120	-153.323
724.420	-181.820
724.720	-173.856
725.020	-167.172
725.330	-194.866
725.630	-200.224
725.930	-180.953
726.230	-203.175
726.530	-197.806
726.830	-169.724
727.130	-191.788
727.430	-155.297
727.730	-194.334
728.030	-188.582
728.330	-160.672
728.630	-195.095
728.930	-178.672
729.230	-163.381
729.530	-159.983
729.840	-165.764
730.140	-190.373
730.440	-185.565
730.740	-173.787
731.040	-184.242
731.340	-180.106
731.640	-177.001
731.940	-159.216
732.240	-190.742
732.540	-167.287
732.850	-178.308
733.150	-209.043
733.450	-186.979
733.750	-177.743
734.050	-166.157
734.350	-181.982
734.650	-199.020
734.950	-174.562
735.250	-185.657
735.560	-183.875
735.860	-176.565
736.160	-179.754
736.460	-192.482
736.760	-169.972
737.060	-190.414
737.360	-190.778
737.670	-178.111
737.970	-180.445
738.270	-177.197
738.570	-171.734
738.870	-194.915
739.170	-159.881
739.470	-215.338
739.780	-166.498
740.080	-162.012
740.380	-183.060
740.680	-150.634
740.980	-189.972
741.280	-184.263
741.590	-171.958
741.890	-189.679
742.190	-160.730
742.490	-175.121
742.790	-156.848
743.100	-165.022
743.400	-159.508
743.700	-151.587
744.000	-151.290
744.300	-176.295
744.610	-182.008
744.910	-191.074
745.210	-183.559
745.510	-161.675
745.810	-176.866
746.120	-164.880
746.420	-143.905
746.720	-159.465
747.020	-179.869
747.320	-186.986
747.630	-176.645
747.930	-145.091
748.230	-183.751
748.530	-174.687
748.840	-160.269
749.140	-161.723
749.440	-156.202
749.740	-168.114
750.040	-149.593
750.350	-153.461
750.650	-164.796
750.950	-159.571
751.250	-168.803
751.560	-159.721
751.860	-174.679
752.160	-163.461
752.460	-160.523
752.770	-148.236
753.070	-162.017
753.370	-131.806
753.680	-173.945
753.980	-167.898
754.280	-148.096
754.580	-151.684
754.890	-143.018
755.190	-175.511
755.490	-145.948
755.790	-172.847
756.100	-161.395
756.400	-143.817
756.700	-159.681
757.010	-171.144
757.310	-138.490
757.610	-157.703
757.920	-131.410
758.220	-134.348
758.520	-141.965
758.820	-176.454
759.130	-146.257
759.430	-141.033
759.730	-142.514
760.040	-151.515
760.340	-150.463
760.640	-135.659
760.950	-144.013
761.250	-114.617
761.550	-130.117
761.860	-123.909
762.160	-116.191
762.460	-124.297
762.770	-105.653
763.070	-98.897
763.370	-131.994
763.680	-111.815
763.980	-139.701
764.280	-124.663
764.590	-122.735
764.890	-108.176
765.190	-103.111
765.500	-94.318
765.800	-101.678
766.110	-109.583
766.410	-105.599
766.710	-131.249
767.020	-112.803
767.320	-124.125
767.620	-124.918
767.930	-132.169
768.230	-123.793
768.540	-133.529
768.840	-148.935
769.140	-158.180
769.450	-149.382
769.750	-138.196
770.060	-148.423
770.360	-138.749
770.660	-158.135
770.970	-161.622
771.270	-152.624
771.580	-141.801
771.880	-174.723
772.180	-149.036
772.490	-182.310
772.790	-156.301
773.100	-164.102
773.400	-184.071
773.700	-174.868
774.010	-164.659
774.310	-168.838
774.620	-169.507
774.920	-150.450
775.230	-197.814
775.530	-184.815
775.830	-176.361
776.140	-169.569
776.440	-190.674
776.750	-186.957
777.050	-168.400
777.360	-181.173
777.660	-197.694
777.970	-192.565
778.270	-186.309
778.570	-175.186
778.880	-168.632
779.180	-192.955
779.490	-178.911
779.790	-175.722
780.100	-194.753
780.400	-204.040
780.710	-200.944
781.010	-175.615
781.320	-197.208
781.620	-220.757
781.930	-231.202
782.230	-211.441
782.540	-234.589
782.840	-224.477
783.150	-231.296
783.450	-212.915
783.760	-227.532
784.060	-222.108
784.370	-230.637
784.670	-226.685
784.980	-247.258
785.280	-233.129
785.590	-235.350
785.890	-223.359
786.200	-225.627
786.500	-225.627
786.810	-195.777
787.110	-224.384
787.420	-236.267
787.720	-205.775
788.030	-211.111
788.330	-195.645
788.640	-202.564
788.940	-179.772
789.250	-209.905
789.560	-219.317
789.860	-226.390
790.170	-232.914
790.470	-239.487
790.780	-260.886
791.080	-233.253
791.390	-234.600
791.690	-247.491
792.000	-254.096
792.310	-268.225
792.610	-255.447
792.920	-248.172
793.220	-268.476
793.530	-249.565
793.830	-268.160
794.140	-238.967
794.450	-247.365
794.750	-224.507
795.060	-220.874
795.360	-230.106
795.670	-250.056
795.980	-272.751
796.280	-281.922
796.590	-273.027
796.890	-275.694
797.200	-273.901
797.510	-272.400
797.810	-294.838
798.120	-316.220
798.420	-301.557
798.730	-324.833
799.040	-355.767
799.340	-334.250
799.650	-340.596
799.950	-342.392
800.260	-358.285
800.570	-350.001
800.870	-355.111
801.180	-365.825
801.490	-362.294
801.790	-396.287
802.100	-358.207
802.400	-382.649
802.710	-362.260
803.020	-369.957
803.320	-360.615
803.630	-371.713
803.940	-348.933
804.240	-384.736
804.550	-397.658
804.860	-365.433
805.160	-382.560
805.470	-368.838
805.780	-380.568
806.080	-356.612
806.390	-376.374
806.700	-360.014
807.000	-384.147
807.310	-389.373
807.620	-367.343
807.920	-388.411
808.230	-391.543
808.540	-360.869
808.840	-337.513
809.150	-375.733
809.460	-341.222
809.770	-363.977
810.070	-357.733
810.380	-380.520
810.690	-331.994
810.990	-370.081
811.300	-372.969
811.610	-334.945
811.920	-333.282
812.220	-346.004
812.530	-354.573
812.840	-355.395
813.140	-336.673
813.450	-332.597
813.760	-354.326
814.070	-363.467
814.370	-349.735
814.680	-313.572
814.990	-322.877
815.300	-319.151
815.600	-319.811
815.910	-321.099
816.220	-302.336
816.520	-304.958
816.830	-312.432
817.140	-334.142
817.450	-320.807
817.760	-313.944
818.060	-311.430
818.370	-318.795
818.680	-309.643
818.990	-342.657
819.290	-327.469
819.600	-298.332
819.910	-311.418
820.220	-307.682
820.520	-295.549
820.830	-319.172
821.140	-319.830
821.450	-282.171
821.760	-312.081
822.060	-314.048
822.370	-280.869
822.680	-295.753
822.990	-279.576
823.300	-287.250
823.600	-301.843
823.910	-301.570
824.220	-299.754
824.530	-299.499
824.840	-322.717
825.140	-312.212
825.450	-311.131
825.760	-323.060
826.070	-299.633
826.380	-298.362
826.680	-300.395
826.990	-318.407
827.300	-291.238
827.610	-299.379
827.920	-296.351
828.230	-308.307
828.530	-286.943
828.840	-288.235
829.150	-304.354
829.460	-277.270
829.770	-299.779
830.080	-303.360
830.390	-283.932
830.690	-315.521
831.000	-302.474
831.310	-284.988
831.620	-319.853
831.930	-296.418
832.240	-290.771
832.550	-303.832
832.850	-314.131
833.160	-310.856
833.470	-277.516
833.780	-311.018
834.090	-286.753
834.400	-324.121
834.710	-323.679
835.020	-305.160
835.330	-320.696
835.630	-308.225
835.940	-293.050
836.250	-299.310
836.560	-311.321
836.870	-270.194
837.180	-305.556
837.490	-320.976
837.800	-280.242
838.110	-305.304
838.420	-294.103
838.720	-297.477
839.030	-317.895
839.340	-292.061
839.650	-302.542
839.960	-304.654
840.270	-324.458
840.580	-295.824
840.890	-294.461
841.200	-329.807
841.510	-323.391
841.820	-331.867
842.130	-325.399
842.440	-330.080
842.750	-301.897
843.060	-307.148
843.370	-312.013
843.670	-312.959
843.980	-347.997
844.290	-359.295
844.600	-337.775
844.910	-364.803
845.220	-340.805
845.530	-347.470
845.840	-393.070
846.150	-363.784
846.460	-371.153
846.770	-342.815
847.080	-393.666
847.390	-328.405
847.700	-346.706
848.010	-349.889
848.320	-351.164
848.630	-365.224
848.940	-376.526
849.250	-392.303
849.560	-380.211
849.870	-352.457
850.180	-358.484
850.490	-375.596
850.800	-333.594
851.110	-354.077
851.420	-366.326
851.730	-331.184
852.040	-363.272
852.350	-335.066
852.660	-334.788
852.970	-368.169
853.280	-331.276
853.590	-320.318
853.900	-311.019
854.210	-332.976
854.520	-295.981
854.830	-319.942
855.140	-318.125
855.450	-320.307
855.760	-326.179
856.070	-301.043
856.390	-309.270
856.700	-316.747
857.010	-301.221
857.320	-293.069
857.630	-305.154
857.940	-289.597
858.250	-304.383
858.560	-318.702
858.870	-282.754
859.180	-310.841
859.490	-282.947
859.800	-287.028
860.110	-284.932
860.420	-278.539
860.730	-275.508
861.050	-292.607
861.360	-273.776
861.670	-268.819
861.980	-266.604
862.290	-268.623
862.600	-259.289
862.910	-285.155
863.220	-254.933
863.530	-271.645
863.840	-247.182
864.160	-281.201
864.470	-254.572
864.780	-286.302
865.090	-276.080
865.400	-268.308
865.710	-309.562
866.020	-294.259
866.330	-293.775
866.640	-323.795
866.960	-314.835
867.270	-316.559
867.580	-354.092
867.890	-316.491
868.200	-301.455
868.510	-329.861
868.820	-345.385
869.140	-320.890
869.450	-342.988
869.760	-338.437
870.070	-353.799
870.380	-367.576
870.690	-340.192
871.000	-353.896
871.320	-333.236
871.630	-372.769
871.940	-371.776
872.250	-370.617
872.560	-375.952
872.870	-344.847
873.190	-363.844
873.500	-365.256
873.810	-375.237
874.120	-368.768
874.430	-398.020
874.750	-416.417
875.060	-430.434
875.370	-421.523
875.680	-428.571
875.990	-440.391
876.310	-451.485
876.620	-445.520
876.930	-453.577
877.240	-422.609
877.550	-431.431
877.870	-440.285
878.180	-469.459
878.490	-475.484
878.800	-481.344
879.110	-488.464
879.430	-514.068
879.740	-483.213
880.050	-524.716
880.360	-538.652
880.680	-525.450
880.990	-559.262
881.300	-604.643
881.610	-602.556
881.920	-613.023
882.240	-620.065
882.550	-682.044
882.860	-688.031
883.170	-712.232
883.490	-709.855
883.800	-722.445
884.110	-760.879
884.420	-784.800
884.740	-781.046
885.050	-777.251
885.360	-794.891
885.680	-810.218
885.990	-834.153
886.300	-817.690
886.610	-837.385
886.930	-832.535
887.240	-827.918
887.550	-839.851
887.860	-866.765
888.180	-838.761
888.490	-844.769
888.800	-866.577
889.120	-868.008
889.430	-831.968
889.740	-864.017
890.060	-868.969
890.370	-869.293
890.680	-868.470
890.990	-833.336
891.310	-868.540
891.620	-837.993
891.930	-837.462
892.250	-793.930
892.560	-817.354
892.870	-768.648
893.190	-757.995
893.500	-732.871
893.810	-726.831
894.130	-717.145
894.440	-676.711
894.750	-644.148
895.070	-621.156
895.380	-621.714
895.690	-613.897
896.010	-614.686
896.320	-607.197
896.630	-599.381
896.950	-585.980
897.260	-554.161
897.570	-553.321
897.890	-559.195
898.200	-547.985
898.520	-547.127
898.830	-534.163
899.140	-570.781
899.460	-548.787
899.770	-540.287
900.080	-512.796
900.400	-556.405
900.710	-520.086
901.020	-532.855
901.340	-539.948
901.650	-539.056
901.970	-573.779
902.280	-574.887
902.590	-531.371
902.910	-552.705
903.220	-579.201
903.540	-533.318
903.850	-574.927
904.160	-585.448
904.480	-561.537
904.790	-566.403
905.110	-583.532
905.420	-545.848
905.740	-541.847
906.050	-553.560
906.360	-527.233
906.680	-539.241
906.990	-540.362
907.310	-546.669
907.620	-512.269
907.930	-489.850
908.250	-489.909
908.560	-467.262
908.880	-481.815
909.190	-484.684
909.510	-485.177
909.820	-502.654
910.140	-501.217
910.450	-500.864
910.760	-503.346
911.080	-476.521
911.390	-502.770
911.710	-466.221
912.020	-513.041
912.340	-496.093
912.650	-489.276
912.970	-495.876
913.280	-504.772
913.600	-488.476
913.910	-513.181
914.230	-516.569
914.540	-505.102
914.860	-502.236
915.170	-528.303
915.490	-529.415
915.800	-511.605
916.120	-532.335
916.430	-530.936
916.750	-530.599
917.060	-529.397
917.380	-557.866
917.690	-564.460
918.010	-533.227
918.320	-543.561
918.640	-550.978
918.950	-510.696
919.270	-517.507
919.580	-565.567
919.900	-526.354
920.210	-542.964
920.530	-539.821
920.840	-547.832
921.160	-488.840
921.470	-524.636
921.790	-508.696
922.100	-513.017
922.420	-499.429
922.730	-525.618
923.050	-520.725
923.370	-522.724
923.680	-487.402
924.000	-519.657
924.310	-496.364
924.630	-510.063
924.940	-520.938
925.260	-502.558
925.570	-511.188
925.890	-542.602
926.210	-513.141
926.520	-495.235
926.840	-476.035
927.150	-472.675
927.470	-457.192
927.780	-488.211
928.100	-496.366
928.420	-473.400
928.730	-464.361
929.050	-473.639
929.360	-481.522
929.680	-473.892
930.000	-454.170
930.310	-469.170
930.630	-447.225
930.940	-482.225
931.260	-473.337
931.580	-453.059
931.890	-501.392
932.210	-481.670
932.520	-500.003
932.840	-499.448
933.160	-504.726
933.470	-535.837
933.790	-509.448
934.110	-551.670
934.420	-533.059
934.740	-531.948
935.050	-543.337
935.370	-569.726
935.690	-560.282
936.000	-554.726
936.320	-594.726
936.640	-570.004
936.950	-565.559
937.270	-588.337
937.590	-567.226
937.900	-618.338
938.220	-614.449
938.540	-603.060
938.850	-620.838
939.170	-624.726
939.490	-604.449
939.800	-588.060
940.120	-582.782
940.440	-570.837
940.750	-543.893
941.070	-536.670
941.390	-556.670
941.700	-516.392
942.020	-500.281
942.340	-470.837
942.650	-466.392
942.970	-483.892
943.290	-425.281
943.600	-440.281
943.920	-375.836
944.240	-386.947
944.560	-405.003
944.870	-398.892
945.190	-400.003
945.510	-397.780
945.820	-386.392
946.140	-365.558
946.460	-344.725
946.780	-340.002
947.090	-370.836
947.410	-356.391
947.730	-367.225
948.040	-369.169
948.360	-366.391
948.680	-369.447
949.000	-326.391
949.310	-353.336
949.630	-340.002
949.950	-328.336
950.270	-345.280
950.580	-355.280
950.900	-363.336
951.220	-358.336
951.540	-348.613
951.850	-350.280
952.170	-354.169
952.490	-356.114
952.810	-363.891
953.120	-365.558
953.440	-373.891
953.760	-391.947
954.080	-413.892
954.390	-398.336
954.710	-375.280
955.030	-368.891
955.350	-401.669
955.670	-387.503
955.980	-374.169
956.300	-389.447
956.620	-396.392
956.940	-414.169
957.260	-404.169
957.570	-447.225
957.890	-396.669
958.210	-428.614
958.530	-448.336
958.850	-495.837
959.160	-493.059
959.480	-503.337
959.800	-523.059
960.120	-524.170
960.440	-555.004
960.750	-545.837
961.070	-536.670
961.390	-540.281
961.710	-549.448
962.030	-530.559
962.350	-513.892
962.660	-498.892
962.980	-493.614
963.300	-488.337
963.620	-468.892
963.940	-477.503
964.260	-430.558
964.580	-422.781
964.890	-371.391
965.210	-382.225
965.530	-378.058
965.850	-355.836
966.170	-369.169
966.490	-345.836
966.810	-328.058
967.120	-343.058
967.440	-324.447
967.760	-290.002
968.080	-291.669
968.400	-310.835
968.720	-293.891
969.040	-274.446
969.360	-260.280
969.670	-266.391
969.990	-236.946
970.310	-265.557
970.630	-268.057
970.950	-248.057
971.270	-262.780
971.590	-240.279
971.910	-246.668
972.230	-223.057
972.550	-267.502
972.860	-228.057
973.180	-242.224
973.500	-245.279
973.820	-240.835
974.140	-225.835
974.460	-224.724
974.780	-198.057
975.100	-226.390
975.420	-215.001
975.740	-233.335
976.060	-215.835
976.380	-213.613
976.700	-209.446
977.020	-200.279
977.330	-179.723
977.650	-234.446
977.970	-210.557
978.290	-226.113
978.610	-207.501
978.930	-196.668
979.250	-189.168
979.570	-199.168
979.890	-206.668
980.210	-201.390
980.530	-207.501
980.850	-206.390
981.170	-204.168
981.490	-237.502
981.810	-229.446
982.130	-196.946
982.450	-221.113
982.770	-181.390
983.090	-208.613
983.410	-212.779
983.730	-203.335
984.050	-233.890
984.370	-228.057
984.690	-247.224
985.010	-247.502
985.330	-194.446
985.650	-202.779
985.970	-209.446
986.290	-188.890
986.610	-220.835
986.930	-191.946
987.250	-212.224
987.570	-186.946
987.890	-214.724
988.210	-226.668
988.530	-180.835
988.850	-211.946
989.170	-214.168
989.490	-175.279
989.810	-203.057
990.130	-216.668
990.450	-205.279
990.770	-187.779
991.090	-216.946
991.410	-192.501
991.730	-208.613
992.050	-192.224
992.370	-190.279
992.690	-184.168
993.020	-190.835
993.340	-186.946
993.660	-221.946
993.980	-210.001
994.300	-205.279
994.620	-210.835
994.940	-178.057
995.260	-203.335
995.580	-182.779
995.900	-192.779
996.220	-190.279
996.540	-203.335
996.860	-189.724
997.180	-206.113
997.510	-196.112
997.830	-195.279
998.150	-195.279
998.470	-171.390
998.790	-186.946
999.110	-205.001
999.430	-189.724
999.750	-175.835
1000.070	-175.835
1000.390	-181.946
1000.720	-207.224
1001.040	-187.501
1001.360	-189.446
1001.680	-185.001
1002.000	-200.001
1002.320	-213.057
1002.640	-182.779
1002.960	-189.724
1003.290	-183.057
1003.610	-192.501
1003.930	-193.890
1004.250	-181.390
1004.570	-178.890
1004.890	-171.112
1005.210	-189.446
1005.540	-176.390
1005.860	-161.112
1006.180	-163.612
1006.500	-160.279
1006.820	-173.612
1007.140	-185.279
1007.470	-182.501
1007.790	-194.168
1008.110	-204.168
1008.430	-175.001
1008.750	-167.779
1009.070	-189.446
1009.400	-174.446
1009.720	-146.112
1010.040	-180.279
1010.360	-195.279
1010.680	-161.112
1011.000	-182.223
1011.330	-157.501
1011.650	-186.946
1011.970	-172.779
1012.290	-194.724
1012.610	-155.557
1012.940	-166.668
1013.260	-190.835
1013.580	-156.668
1013.900	-181.946
1014.220	-159.168
1014.550	-178.057
1014.870	-193.335
1015.190	-148.334
1015.510	-176.946
1015.840	-182.779
1016.160	-158.057
1016.480	-179.446
1016.800	-164.446
1017.120	-182.779
1017.450	-185.279
1017.770	-174.168
1018.090	-154.723
1018.410	-162.501
1018.740	-176.112
1019.060	-136.668
1019.380	-179.168
1019.700	-128.056
1020.030	-155.557
1020.350	-166.112
1020.670	-161.946
1020.990	-190.557
1021.320	-151.668
1021.640	-163.612
1021.960	-161.946
1022.290	-148.334
1022.610	-169.446
1022.930	-138.890
1023.250	-161.112
1023.580	-151.390
1023.900	-155.279
1024.220	-163.057
1024.540	-155.001
1024.870	-183.612
1025.190	-147.223
1025.510	-158.612
1025.840	-152.779
1026.160	-172.779
1026.480	-155.834
1026.810	-163.890
1027.130	-181.946
1027.450	-179.723
1027.770	-171.668
1028.100	-182.501
1028.420	-175.279
1028.740	-162.223
1029.070	-159.168
1029.390	-161.946
1029.710	-153.612
1030.040	-158.890
1030.360	-182.223
1030.680	-164.168
1031.010	-149.723
1031.330	-155.834
1031.650	-183.335
1031.980	-168.890
1032.300	-182.501
1032.620	-165.279
1032.950	-169.723
1033.270	-150.834
1033.590	-145.279
1033.920	-151.112
1034.240	-171.390
1034.560	-173.335
1034.890	-185.557
1035.210	-161.390
1035.540	-187.223
1035.860	-202.501
1036.180	-160.834
1036.510	-192.224
1036.830	-171.112
1037.150	-167.501
1037.480	-182.779
1037.800	-177.223
1038.130	-172.501
1038.450	-188.057
1038.770	-210.557
1039.100	-184.168
1039.420	-188.335
1039.750	-185.557
1040.070	-172.779
1040.390	-161.668
1040.720	-165.834
1041.040	-152.779
1041.370	-187.223
1041.690	-183.890
1042.010	-216.390
1042.340	-178.890
1042.660	-191.946
1042.990	-203.335
1043.310	-187.223
1043.630	-194.168
1043.960	-186.390
1044.280	-182.779
1044.610	-191.390
1044.930	-191.390
1045.260	-184.168
1045.580	-208.890
1045.900	-188.057
1046.230	-207.779
1046.550	-181.390
1046.880	-191.668
1047.200	-183.335
1047.530	-189.446
1047.850	-160.557
1048.180	-156.946
1048.500	-186.112
1048.830	-216.668
1049.150	-188.612
1049.470	-206.390
1049.800	-165.557
1050.120	-183.890
1050.450	-185.835
1050.770	-180.001
1051.100	-177.223
1051.420	-163.890
1051.750	-203.612
1052.070	-169.168
1052.400	-175.279
1052.720	-186.668
1053.050	-186.390
1053.370	-153.612
1053.700	-215.001
1054.020	-208.890
1054.350	-203.057
1054.670	-175.279
1055.000	-172.223
1055.320	-176.112
1055.650	-168.334
1055.970	-165.834
1056.300	-181.668
1056.620	-169.446
1056.950	-187.779
1057.270	-180.557
1057.600	-166.390
1057.920	-184.446
1058.250	-174.723
1058.570	-165.834
1058.900	-141.945
1059.230	-178.335
1059.550	-180.557
1059.880	-181.390
1060.200	-179.723
1060.530	-179.168
1060.850	-189.724
1061.180	-184.168
1061.500	-169.168
1061.830	-182.223
1062.150	-150.001
1062.480	-175.001
1062.810	-174.723
1063.130	-161.668
1063.460	-172.779
1063.780	-163.057
1064.110	-194.724
1064.430	-176.390
1064.760	-179.168
1065.090	-166.946
1065.410	-186.390
1065.740	-197.779
1066.060	-166.112
1066.390	-183.335
1066.710	-156.390
1067.040	-146.945
1067.370	-174.168
1067.690	-172.779
1068.020	-197.501
1068.340	-162.223
1068.670	-160.557
1069.000	-189.168
1069.320	-165.001
1069.650	-178.612
1069.970	-160.279
1070.300	-145.001
1070.630	-138.334
1070.950	-138.612
1071.280	-187.779
1071.610	-124.723
1071.930	-184.168
1072.260	-162.779
1072.580	-158.890
1072.910	-173.057
1073.240	-187.501
1073.560	-175.557
1073.890	-155.557
1074.220	-131.668
1074.540	-147.779
1074.870	-159.168
1075.200	-161.390
1075.520	-152.223
1075.850	-136.390
1076.180	-147.779
1076.500	-177.223
1076.830	-184.446
1077.160	-181.946
1077.480	-150.557
1077.810	-148.057
1078.140	-166.112
1078.460	-153.612
1078.790	-145.834
1079.120	-169.723
1079.440	-153.057
1079.770	-157.779
1080.100	-147.779
1080.420	-141.945
1080.750	-136.112
1081.080	-136.668
1081.400	-143.612
1081.730	-142.223
1082.060	-146.668
1082.380	-135.556
1082.710	-165.557
1083.040	-144.723
1083.370	-146.945
1083.690	-162.223
1084.020	-151.390
1084.350	-143.890
1084.670	-136.390
1085.000	-156.390
1085.330	-145.557
1085.660	-134.445
1085.980	-118.334
1086.310	-128.056
1086.640	-149.445
1086.960	-159.168
1087.290	-152.501
1087.620	-131.668
1087.950	-150.557
1088.270	-164.723
1088.600	-155.834
1088.930	-135.001
1089.260	-136.945
1089.580	-152.501
1089.910	-132.223
1090.240	-126.390
1090.570	-135.279
1090.890	-149.168
1091.220	-157.223
1091.550	-160.001
1091.880	-160.557
1092.210	-146.112
1092.530	-126.390
1092.860	-116.390
1093.190	-133.890
1093.520	-126.668
1093.840	-116.945
1094.170	-138.612
1094.500	-134.168
1094.830	-132.779
1095.160	-116.945
1095.480	-139.445
1095.810	-140.279
1096.140	-155.279
1096.470	-144.723
1096.800	-149.723
1097.120	-153.334
1097.450	-122.501
1097.780	-126.390
1098.110	-154.723
1098.440	-124.168
1098.760	-142.223
1099.090	-144.445
1099.420	-130.279
1099.750	-157.501
1100.080	-135.001
1100.410	-165.834
1100.730	-135.279
1101.060	-149.723
1101.390	-132.779
1101.720	-128.890
1102.050	-129.445
1102.380	-131.945
1102.700	-113.056
1103.030	-150.279
1103.360	-145.834
1103.690	-137.779
1104.020	-148.612
1104.350	-130.279
1104.680	-138.334
1105.000	-138.890
1105.330	-100.834
1105.660	-124.168
1105.990	-152.779
1106.320	-139.168
1106.650	-136.945
1106.980	-147.223
1107.300	-139.445
1107.630	-121.945
1107.960	-137.501
1108.290	-145.001
1108.620	-134.723
1108.950	-149.168
1109.280	-128.612
1109.610	-124.445
1109.940	-125.556
1110.270	-97.778
1110.590	-130.279
1110.920	-135.556
1111.250	-155.557
1111.580	-128.056
1111.910	-146.112
1112.240	-143.612
1112.570	-113.334
1112.900	-153.890
1113.230	-132.501
1113.560	-129.445
1113.890	-111.667
1114.210	-120.834
1114.540	-113.056
1114.870	-124.168
1115.200	-122.223
1115.530	-136.390
1115.860	-122.223
1116.190	-111.390
1116.520	-126.668
1116.850	-128.056
1117.180	-126.945
1117.510	-148.334
1117.840	-119.167
1118.170	-121.667
1118.500	-124.168
1118.830	-105.278
1119.160	-114.445
1119.490	-112.779
1119.820	-119.445
1120.150	-131.668
1120.480	-129.723
1120.800	-139.445
1121.130	-113.334
1121.460	-114.167
1121.790	-116.945
1122.120	-118.056
1122.450	-93.056
1122.780	-116.945
1123.110	-110.834
1123.440	-104.445
1123.770	-103.334
1124.100	-126.390
1124.430	-118.890
1124.760	-118.890
1125.090	-119.167
1125.420	-126.945
1125.750	-126.668
1126.080	-123.890
1126.410	-137.223
1126.740	-118.056
1127.070	-108.612
1127.400	-115.834
1127.730	-130.001
1128.060	-129.445
1128.400	-124.723
1128.730	-106.667
1129.060	-125.834
1129.390	-127.223
1129.720	-106.390
1130.050	-117.223
1130.380	-113.056
1130.710	-129.445
1131.040	-121.112
1131.370	-98.612
1131.700	-126.112
1132.030	-124.723
1132.360	-136.668
1132.690	-116.390
1133.020	-134.723
1133.350	-113.612
1133.680	-143.890
1134.010	-120.279
1134.340	-128.056
1134.670	-110.834
1135.010	-108.056
1135.340	-125.834
1135.670	-106.112
1136.000	-106.667
1136.330	-121.667
1136.660	-125.001
1136.990	-136.390
1137.320	-109.723
1137.650	-113.612
1137.980	-129.445
1138.310	-120.279
1138.640	-123.890
1138.980	-124.445
1139.310	-96.390
1139.640	-95.556
1139.970	-109.167
1140.300	-134.723
1140.630	-97.501
1140.960	-93.890
1141.290	-105.834
1141.620	-122.223
1141.960	-125.834
1142.290	-124.723
1142.620	-92.778
1142.950	-101.112
1143.280	-105.001
1143.610	-96.945
1143.940	-109.723
1144.280	-90.278
1144.610	-96.390
1144.940	-103.890
1145.270	-123.612
1145.600	-113.890
1145.930	-121.390
1146.260	-138.334
1146.600	-118.890
1146.930	-125.834
1147.260	-114.445
1147.590	-113.056
1147.920	-93.890
1148.250	-116.390
1148.590	-109.445
1148.920	-123.890
1149.250	-111.112
1149.580	-107.501
1149.910	-128.056
1150.240	-99.723
1150.580	-112.501
1150.910	-114.723
1151.240	-110.556
1151.570	-128.890
1151.900	-120.279
1152.240	-118.612
1152.570	-111.390
1152.900	-125.556
1153.230	-96.112
1153.560	-111.112
1153.900	-111.112
1154.230	-115.834
1154.560	-95.278
1154.890	-99.167
1155.220	-135.279
1155.560	-132.779
1155.890	-130.834
1156.220	-120.279
1156.550	-100.556
1156.890	-117.779
1157.220	-116.667
1157.550	-96.390
1157.880	-110.279
1158.210	-116.112
1158.550	-102.778
1158.880	-133.056
1159.210	-133.334
1159.540	-117.501
1159.880	-126.112
1160.210	-114.445
1160.540	-108.612
1160.870	-133.056
1161.210	-103.612
1161.540	-111.667
1161.870	-110.834
1162.200	-111.945
1162.540	-128.334
1162.870	-83.056
1163.200	-109.167
1163.540	-128.612
1163.870	-125.556
1164.200	-120.834
1164.530	-118.334
1164.870	-151.390
1165.200	-118.334
1165.530	-123.890
1165.870	-119.723
1166.200	-127.223
1166.530	-119.445
1166.860	-101.945
1167.200	-125.001
1167.530	-114.167
1167.860	-116.667
1168.200	-118.334
1168.530	-146.112
1168.860	-110.834
1169.200	-117.223
1169.530	-128.612
1169.860	-128.612
1170.190	-134.445
1170.530	-124.168
1170.860	-136.668
1171.190	-129.723
1171.530	-119.167
1171.860	-108.890
1172.190	-132.501
1172.530	-140.279
1172.860	-151.945
1173.190	-158.890
1173.530	-137.223
1173.860	-158.334
1174.200	-159.168
1174.530	-160.279
1174.860	-156.112
1175.200	-161.946
1175.530	-142.223
1175.860	-125.556
1176.200	-145.001
1176.530	-128.334
1176.860	-132.501
1177.200	-141.112
1177.530	-162.501
1177.870	-148.334
1178.200	-143.612
1178.530	-145.557
1178.870	-132.779
1179.200	-142.501
1179.530	-123.334
1179.870	-158.334
1180.200	-146.945
1180.540	-121.945
1180.870	-142.223
1181.200	-109.445
1181.540	-140.557
1181.870	-120.279
1182.210	-129.168
1182.540	-132.779
1182.870	-138.334
1183.210	-131.945
1183.540	-115.834
1183.880	-136.945
1184.210	-108.612
1184.540	-123.612
1184.880	-122.223
1185.210	-129.168
1185.550	-107.501
1185.880	-119.167
1186.220	-122.779
1186.550	-121.945
1186.880	-132.501
1187.220	-131.668
1187.550	-118.890
1187.890	-125.001
1188.220	-128.334
1188.560	-120.001
1188.890	-136.112
1189.230	-121.390
1189.560	-106.667
1189.900	-124.445
1190.230	-128.612
1190.560	-100.834
1190.900	-118.056
1191.230	-127.501
1191.570	-116.667
1191.900	-146.668
1192.240	-125.279
1192.570	-136.668
1192.910	-136.112
1193.240	-143.334
1193.580	-163.890
1193.910	-140.001
1194.250	-135.279
1194.580	-150.834
1194.920	-145.557
1195.250	-149.168
1195.590	-158.890
1195.920	-117.223
1196.260	-116.112
1196.590	-128.612
1196.930	-141.945
1197.260	-136.390
1197.600	-139.168
1197.930	-133.334
1198.270	-133.612
1198.600	-135.279
1198.940	-123.890
1199.270	-125.834
1199.610	-135.001
1199.940	-121.112
1200.280	-118.056
1200.610	-122.223
1200.950	-102.223
1201.280	-131.390
1201.620	-110.834
1201.960	-131.390
1202.290	-117.223
1202.630	-131.668
1202.960	-130.834
1203.300	-110.834
1203.630	-108.890
1203.970	-104.723
1204.300	-89.167
1204.640	-111.390
1204.980	-93.612
1205.310	-118.612
1205.650	-114.723
1205.980	-105.001
1206.320	-104.445
1206.650	-107.223
1206.990	-91.945
1207.330	-117.223
1207.660	-108.612
1208.000	-104.445
1208.330	-109.445
1208.670	-99.445
1209.000	-94.723
1209.340	-102.223
1209.680	-80.001
1210.010	-93.334
1210.350	-82.778
1210.680	-82.778
1211.020	-92.223
1211.360	-99.445
1211.690	-81.945
1212.030	-91.390
1212.360	-106.945
1212.700	-90.556
1213.040	-103.056
1213.370	-81.389
1213.710	-77.501
1214.050	-74.723
1214.380	-86.945
1214.720	-75.001
1215.050	-94.445
1215.390	-75.001
1215.730	-77.501
1216.060	-76.945
1216.400	-67.778
1216.740	-64.723
1217.070	-95.001
1217.410	-63.889
1217.750	-75.278
1218.080	-76.389
1218.420	-87.778
1218.760	-90.556
1219.090	-92.501
1219.430	-77.223
1219.770	-72.500
1220.100	-67.500
1220.440	-75.834
1220.780	-67.778
1221.110	-77.501
1221.450	-79.445
1221.790	-77.778
1222.120	-71.112
1222.460	-83.056
1222.800	-78.612
1223.130	-76.112
1223.470	-64.723
1223.810	-63.612
1224.140	-75.001
1224.480	-53.334
1224.820	-79.723
1225.160	-60.834
1225.490	-62.223
1225.830	-55.000
1226.170	-73.334
1226.500	-62.223
1226.840	-62.223
1227.180	-87.223
1227.520	-58.334
1227.850	-59.723
1228.190	-75.556
1228.530	-58.056
1228.860	-48.056
1229.200	-51.111
1229.540	-63.056
1229.880	-56.945
