153	-4.444
154	-6.667
155	-13.556
156	-10.667
157	-13.333
158	10.667
159	31.111
160	14.000
161	36.000
162	11.333
163	26.222
164	-1.333
165	28.222
166	2.889
167	31.556
168	4.889
169	21.778
170	12.889
171	21.111
172	9.556
173	34.222
174	14.445
175	24.667
176	-15.333
177	-4.667
178	-12.889
179	-4.444
180	-5.556
181	-18.667
182	-11.556
183	-13.333
184	-24.222
185	-12.445
186	-19.556
187	-15.111
188	-9.778
189	-7.333
190	-5.333
191	3.778
192	-6.000
193	-8.222
194	-8.445
195	-5.556
196	-6.667
197	10.000
198	-3.556
199	-24.222
200	-20.445
201	-9.111
202	-13.778
203	-5.778
204	-17.556
205	-18.889
206	-8.445
207	-15.111
208	30.222
209	14.000
210	41.111
211	-6.222
212	21.778
213	4.222
214	24.667
215	13.111
216	32.222
217	-18.222
218	-20.889
219	-11.111
220	-5.111
221	-9.333
222	-10.889
223	-8.667
224	-8.667
225	-2.000
226	-3.556
227	1.778
228	4.222
229	-4.889
230	-2.000
231	-19.111
232	-7.556
233	-21.778
234	-18.889
235	-22.667
236	-13.111
237	-16.222
238	17.111
239	27.556
240	-0.222
241	32.445
242	8.445
243	36.667
244	-17.333
245	-16.445
246	-10.000
247	-21.111
248	-23.778
249	-21.333
250	-5.556
251	0.667
252	-2.222
253	5.333
254	-0.222
255	-0.444
256	-10.445
257	-12.222
258	-18.667
259	-4.000
260	-15.556
261	-6.667
262	17.556
263	9.556
264	14.445
265	10.000
266	20.222
267	-7.556
268	-17.778
269	-6.222
270	-19.778
271	-15.556
272	-14.889
273	5.111
274	3.111
275	0.667
276	3.778
277	-1.556
278	-21.333
279	-13.778
280	-19.333
281	-13.778
282	8.889
283	27.778
284	14.889
285	18.445
286	-13.556
287	-13.778
288	-23.333
289	-11.778
290	-12.889
291	-2.667
292	6.667
293	5.333
294	0.444
295	-9.778
296	-13.556
297	-15.556
298	-12.445
299	-13.778
300	26.222
301	13.778
302	22.000
303	20.667
304	-5.556
305	-11.333
306	-16.445
307	-11.333
308	8.000
309	-10.667
310	-3.556
311	-3.556
312	-13.333
313	-12.445
314	-19.111
315	-20.667
316	4.889
317	25.556
318	-4.000
319	23.778
320	-6.222
321	-12.000
322	-12.000
323	-15.111
324	-6.000
325	1.778
326	-0.222
327	2.000
328	-17.333
329	-14.889
330	-17.778
331	9.556
332	24.445
333	7.333
334	30.222
335	-16.445
336	-16.000
337	-14.889
338	-13.778
339	1.111
340	-2.000
341	-2.444
342	-17.333
343	-18.445
344	-16.445
345	-16.000
346	-0.667
347	23.556
348	5.556
349	-25.778
350	-12.667
351	-22.222
352	-3.333
353	-8.222
354	-1.556
355	-5.778
356	-17.333
357	-6.889
358	-14.445
359	13.333
360	28.222
361	7.333
362	-10.889
363	-18.000
364	-14.222
365	2.667
366	6.222
367	6.889
368	0.000
369	-15.111
370	-11.556
371	-20.000
372	20.000
373	34.000
374	13.111
375	-16.667
376	-12.222
377	-16.667
378	-5.778
379	0.444
380	4.889
381	-16.222
382	-20.667
383	-16.889
384	27.778
385	1.111
386	25.334
387	-19.778
388	-16.222
389	-11.556
390	-3.111
391	-1.333
392	-0.889
393	-15.556
394	-8.000
395	-7.111
396	15.333
397	41.334
398	3.778
399	-18.667
400	-15.333
401	-2.667
402	2.667
403	5.111
404	-7.556
405	-13.778
406	-6.000
407	6.667
408	33.111
409	9.556
410	-8.222
411	-6.222
412	-23.111
413	-0.222
414	-0.222
415	-7.556
416	-25.778
417	-9.778
418	15.778
419	27.111
420	6.000
421	-12.445
422	-8.889
423	0.889
424	-1.111
425	22.000
426	-12.000
427	-8.889
428	-6.889
429	15.333
430	43.334
431	-10.889
432	4.889
433	-1.333
434	6.444
435	26.000
436	20.667
437	28.889
438	26.889
439	76.001
440	118.890
441	679.116
442	2847.353
443	6091.819
444	3938.916
445	355.863
446	100.667
447	50.323
448	25.283
449	34.205
450	64.586
451	-9.359
452	-5.814
453	-13.059
454	4.044
455	-3.393
456	-13.995
457	-2.977
458	17.454
459	30.983
460	10.961
461	-6.891
462	-7.371
463	2.392
464	1.959
465	3.922
466	-3.503
467	-10.781
468	43.473
469	15.936
470	-21.577
471	-9.166
472	-6.959
473	-2.022
474	3.816
475	-14.351
476	-16.801
477	42.434
478	20.806
479	0.660
480	7.882
481	2.841
482	16.154
483	1.969
484	-5.709
485	-2.646
486	44.932
487	18.463
488	-8.487
489	-12.807
490	-7.896
491	-2.939
492	-4.308
493	-3.867
494	-9.335
495	37.835
496	18.786
497	-8.520
498	-11.574
499	7.198
500	1.863
501	-5.374
502	-13.086
503	-7.017
504	31.812
505	14.080
506	-19.324
507	-20.310
508	-11.311
509	-10.101
510	-21.566
511	-32.543
512	10.122
513	26.277
514	-6.260
515	-20.560
516	-15.489
517	0.852
518	0.000
519	-5.046
520	-4.831
521	8.822
522	61.258
523	12.310
524	-7.031
525	1.711
526	5.163
527	-1.081
528	-5.208
529	35.477
530	13.561
531	1.099
532	-13.903
533	3.538
534	7.311
535	-16.190
536	-17.982
537	11.533
538	37.221
539	-5.755
540	-8.165
541	1.758
542	9.414
543	-17.027
544	-15.671
545	36.747
546	17.596
547	-8.681
548	-19.097
549	9.341
550	6.306
551	-7.843
552	-7.225
553	12.517
554	22.882
555	-14.358
556	-19.333
557	0.892
558	-5.595
559	-12.097
560	-9.203
561	28.369
562	-2.482
563	-0.452
564	-2.942
565	12.421
566	-15.146
567	-25.068
568	35.420
569	1.574
570	-16.419
571	-11.684
572	3.370
573	2.688
574	-13.861
575	-8.487
576	19.818
577	38.483
578	-13.307
579	-8.190
580	-5.946
581	-12.748
582	-13.547
583	17.010
584	30.412
585	-7.588
586	-8.214
587	10.366
588	11.025
589	-16.677
590	20.637
591	34.423
592	2.622
593	-15.591
594	4.193
595	1.998
596	-13.819
597	-5.366
598	26.909
599	-9.437
600	-10.829
601	9.043
602	9.278
603	11.779
604	27.156
605	52.221
606	40.199
607	7.453
608	22.606
609	15.630
610	-8.826
611	-3.624
612	46.486
613	10.474
614	-6.166
615	-7.781
616	8.018
617	-13.343
618	-5.538
619	39.080
620	10.438
621	-5.811
622	3.719
623	12.075
624	-7.895
625	-6.276
626	40.446
627	1.860
628	-4.881
629	12.100
630	17.722
631	7.259
632	15.856
633	60.562
634	24.982
635	27.719
636	51.050
637	85.350
638	2663.406
639	14263.693
640	7103.057
641	1161.496
642	164.853
643	97.832
644	56.142
645	27.852
646	32.885
647	37.105
648	-3.867
649	7.613
650	9.589
651	-6.721
652	-10.572
653	8.073
654	-13.248
655	-3.872
656	-4.544
657	-20.657
658	-11.351
659	26.247
660	15.857
661	-10.182
662	-10.656
663	-2.680
664	-15.248
665	-10.378
666	27.410
667	-3.636
668	-5.926
669	8.002
670	-7.781
671	-16.495
672	12.816
673	28.607
674	-17.129
675	-5.014
676	-9.998
677	-18.141
678	23.511
679	1.347
680	-12.769
681	-1.567
682	-13.847
683	-20.465
684	-13.320
685	29.659
686	-17.910
687	-12.186
688	9.748
689	-16.395
690	-16.206
691	6.222
692	-14.488
693	-10.060
694	2.240
695	4.494
696	-9.015
697	41.822
698	17.687
699	-4.317
700	5.231
701	0.228
702	-15.239
703	17.269
704	31.584
705	-14.981
706	5.205
707	-7.205
708	-15.488
709	25.064
710	12.048
711	-7.341
712	-1.329
713	-4.639
714	-6.191
715	17.043
716	33.951
717	-7.503
718	5.539
719	0.890
720	-7.132
721	43.372
722	14.785
723	-13.230
724	-1.348
725	-0.226
726	-6.110
727	21.046
728	37.150
729	-4.300
730	-5.652
731	-4.291
732	-14.694
733	34.588
734	14.890
735	-5.398
736	-7.617
737	7.140
738	-11.567
739	10.878
740	23.857
741	-8.589
742	0.000
743	-7.648
744	-9.132
745	32.335
746	-11.696
747	-14.455
748	-4.087
749	-20.163
750	-14.516
751	11.111
752	-10.684
753	-17.538
754	-3.409
755	-17.258
756	16.848
757	28.205
758	-11.550
759	-4.509
760	-7.767
761	-15.333
762	22.482
763	14.295
764	-15.656
765	-5.016
766	-11.570
767	-12.723
768	4.845
769	-15.478
770	-11.976
771	-1.556
772	-10.253
773	18.965
774	30.536
775	-15.379
776	6.036
777	3.588
778	-13.917
779	32.164
780	-15.760
781	-12.647
782	3.384
783	-10.163
784	-18.763
785	19.955
786	-7.037
787	0.455
788	3.191
789	-6.395
790	12.142
791	-3.461
792	-4.644
793	2.099
794	-14.752
795	-9.693
796	27.123
797	-18.199
798	6.756
799	6.615
800	-19.055
801	43.050
802	-8.480
803	-16.406
804	7.654
805	-12.482
806	49.708
807	10.882
808	-25.328
809	4.959
810	-11.843
811	-19.784
812	9.098
813	-9.906
814	-11.731
815	5.704
816	-13.212
817	15.429
818	33.259
819	-11.563
820	6.873
821	-14.237
822	-11.480
823	26.397
824	-12.051
825	-1.425
826	4.063
827	-10.175
828	27.548
829	-14.119
830	-12.323
831	-8.905
832	-11.718
833	25.536
834	-10.612
835	-8.786
836	-4.553
837	-3.291
838	36.852
839	15.162
840	-9.662
841	0.234
842	-16.673
843	-20.045
844	24.663
845	-19.936
846	12.466
847	-23.319
848	-10.934
849	23.790
850	-6.114
851	-4.689
852	-5.524
853	-24.638
854	20.288
855	1.375
856	2.895
857	1.075
858	-14.046
859	7.195
860	-14.142
861	-16.483
862	-6.495
863	-18.404
864	12.854
865	-5.822
866	-18.599
867	-8.959
868	-19.792
869	3.733
870	-17.367
871	-19.298
872	-3.203
873	-18.938
874	7.123
875	12.517
876	-9.087
877	-1.246
878	-10.035
879	16.204
880	35.835
881	-5.109
882	31.410
883	14.786
884	68.640
885	150.880
886	148.872
887	178.082
888	112.963
889	68.157
890	32.343
891	-16.062
892	6.855
893	-14.236
894	15.650
895	-2.457
896	-9.157
897	8.745
898	-14.635
899	19.914
900	-8.626
901	-14.800
902	6.610
903	-6.154
904	11.648
905	-14.861
906	-7.568
907	-0.459
908	-23.876
909	8.742
910	-10.846
911	0.000
912	15.381
913	-13.517
914	14.677
915	-8.273
916	1.837
917	-12.180
918	-8.231
919	15.579
920	-6.186
921	-0.686
922	-8.898
923	31.714
924	14.073
925	-14.424
926	-2.240
927	-22.580
928	34.360
929	-16.889
930	-13.333
931	-2.222
932	-17.778
933	40.445
934	-13.333
935	1.111
936	3.556
937	-20.667
938	29.334
939	-3.778
940	2.889
941	-9.111
942	-11.333
943	23.556
944	-14.445
945	9.333
946	-20.000
947	1.111
948	-8.889
949	-7.111
950	0.444
951	-22.000
952	11.778
953	-21.333
954	-2.000
955	1.111
956	-8.667
957	16.445
958	-15.778
959	-1.778
960	-13.556
961	21.778
962	4.444
963	-12.445
964	-5.556
965	-15.556
966	26.000
967	-19.778
968	4.889
969	-7.333
970	-24.445
971	28.000
972	-12.222
973	1.333
974	-20.889
975	-3.333
976	-8.889
977	-9.333
978	-13.111
979	-18.667
980	6.222
981	-17.333
982	-2.444
983	-13.333
984	35.334
985	9.333
986	-11.111
987	2.222
988	-21.556
989	30.222
990	-17.333
991	1.333
992	-8.667
993	-25.556
994	40.667
995	-14.445
996	-6.889
997	-14.222
998	10.445
999	-5.556
1000	-5.778
1001	-12.445
1002	-16.000
1003	17.778
1004	-18.222
1005	-2.444
1006	-13.333
1007	27.334
1008	-11.778
1009	1.111
1010	-20.667
1011	-20.222
1012	31.111
1013	-23.111
1014	-13.111
1015	-13.778
1016	0.889
1017	-16.000
1018	-4.444
1019	-11.778
1020	-17.556
1021	22.000
1022	-16.445
1023	-11.556
1024	-19.556
1025	33.111
1026	-13.556
1027	5.778
1028	-14.000
1029	3.111
1030	-14.889
1031	-11.778
1032	-2.000
1033	-18.889
1034	9.333
1035	-14.222
1036	-4.000
1037	-15.778
1038	26.889
1039	-23.778
1040	2.222
1041	-22.000
1042	-14.667
1043	24.889
1044	-8.889
1045	0.000
1046	-17.778
1047	9.111
1048	-11.333
1049	-3.556
1050	-21.556
1051	31.111
1052	-17.778
1053	-4.667
1054	-15.333
1055	-17.778
1056	24.222
1057	-12.222
1058	-2.889
1059	-19.556
1060	7.778
1061	-0.222
1062	-0.222
1063	-13.333
1064	35.111
1065	-6.889
1066	-2.444
1067	-12.000
1068	21.556
1069	50.889
1070	-12.667
1071	2.000
1072	-14.445
1073	-2.222
1074	-9.111
1075	0.222
1076	-15.778
1077	28.222
1078	-11.778
1079	-6.667
1080	-16.445
1081	18.222
1082	-8.000
1083	6.000
1084	-16.222
1085	-14.889
1086	15.333
1087	-5.111
1088	3.556
1089	-6.889
1090	40.667
1091	-10.445
1092	-4.444
1093	-10.445
1094	12.445
1095	-14.222
1096	-8.000
1097	-2.667
1098	38.000
1099	-14.222
1100	10.889
1101	-0.444
1102	23.556
1103	-16.889
1104	3.111
1105	11.556
1106	-10.000
1107	22.889
1108	-4.667
1109	0.000
1110	0.000
1111	42.445
1112	0.222
1113	12.000
1114	-9.556
1115	8.222
1116	-4.444
1117	10.889
1118	-1.556
1119	33.778
1120	-13.111
1121	3.778
1122	0.000
1123	15.111
1124	-7.333
1125	6.444
1126	-10.000
1127	48.445
1128	-2.222
1129	8.445
1130	-3.333
1131	18.445
1132	-7.778
1133	9.333
1134	-6.667
1135	31.556
1136	16.445
1137	-3.778
1138	12.445
1139	-4.000
1140	40.889
1141	-18.445
1142	6.000
1143	-8.000
1144	24.667
1145	5.556
1146	9.778
1147	9.556
1148	42.445
1149	0.889
1150	0.000
1151	-4.889
1152	14.000
1153	-2.222
1154	4.000
1155	-3.333
1156	39.111
1157	-6.444
1158	5.778
1159	-14.000
1160	20.222
1161	-7.111
1162	-2.889
1163	-16.000
1164	38.000
1165	-2.222
1166	2.222
1167	-4.889
1168	28.667
1169	-10.000
1170	9.111
1171	-2.444
1172	39.778
1173	1.111
1174	19.556
1175	-4.667
1176	30.222
1177	0.000
1178	5.111
1179	2.000
1180	45.111
1181	-7.111
1182	11.556
1183	0.000
1184	29.556
1185	0.889
1186	12.889
1187	1.333
1188	35.778
1189	6.444
1190	14.889
1191	-13.778
1192	15.778
1193	13.111
1194	16.889
1195	-4.667
1196	56.445
1197	-4.889
1198	10.889
1199	-5.333
1200	24.667
1201	8.889
1202	12.445
1203	-3.556
1204	48.000
1205	-1.778
1206	8.222
1207	31.778
1208	8.000
1209	23.111
1210	-10.667
1211	42.667
1212	-0.667
1213	10.889
1214	0.222
1215	45.111
1216	-5.778
1217	14.445
1218	5.556
1219	17.556
1220	-3.333
1221	0.667
1222	-3.556
1223	40.222
1224	-8.889
1225	15.556
1226	-4.222
1227	25.556
1228	-8.667
1229	5.778
1230	5.778
1231	5.778
1232	5.778
1233	5.778
1234	5.778
1235	5.778
1236	5.778
1237	5.778
1238	5.778
1239	5.778
1240	5.778
1241	5.778
1242	5.778
1243	5.778
1244	5.778
1245	5.778
1246	5.778
1247	5.778
1248	5.778
1249	5.778
1250	5.778
1251	5.778
1252	5.778
1253	5.778
1254	5.778
1255	5.778
1256	5.778
1257	5.778
1258	5.778
1259	5.778
1260	5.778
1261	5.778
1262	5.778
1263	5.778
1264	5.778
1265	5.778
1266	5.778
1267	5.778
1268	5.778
1269	5.778
1270	5.778
1271	5.778
1272	5.778
1273	5.778
1274	5.778
1275	5.778
1276	5.778
1277	5.778
1278	5.778
1279	5.778
1280	5.778
1281	5.778
1282	5.778
1283	5.778
1284	5.778
1285	5.778
1286	5.778
1287	5.778
1288	5.778
1289	5.778
1290	5.778
1291	5.778
1292	5.778
1293	5.778
1294	5.778
1295	5.778
1296	5.778
1297	5.778
1298	5.778
1299	5.778
1300	5.778
1301	5.778
1302	5.778
1303	5.778
1304	5.778
1305	5.778
1306	5.778
1307	5.778
1308	5.778
1309	5.778
1310	5.778
1311	5.778
1312	5.778
1313	5.778
1314	5.778
1315	5.778
1316	5.778
1317	5.778
1318	5.778
1319	5.778
1320	5.778
1321	5.778
1322	5.778
1323	5.778
1324	5.778
1325	5.778
1326	5.778
1327	5.778
1328	5.778
1329	5.778
1330	5.778
1331	5.778
1332	5.778
1333	5.778
1334	5.778
1335	5.778
1336	5.778
1337	5.778
1338	5.778
1339	5.778
1340	5.778
1341	5.778
1342	5.778
1343	5.778
1344	5.778
1345	5.778
1346	5.778
1347	5.778
1348	5.778
1349	5.778
1350	5.778
1351	5.778
1352	5.778
1353	5.778
1354	5.778
1355	5.778
1356	5.778
1357	5.778
1358	5.778
1359	5.778
1360	5.778
1361	5.778
1362	5.778
1363	5.778
1364	5.778
1365	5.778
1366	5.778
1367	5.778
1368	5.778
1369	5.778
1370	5.778
1371	5.778
1372	5.778
1373	5.778
1374	5.778
1375	5.778
1376	5.778
1377	5.778
1378	5.778
1379	5.778
1380	5.778
1381	5.778
1382	5.778
